Q w/ Reward Shaping(Time)
940.2218
1011.5088
439.3208
342.8699
940.2007
355.1219
277.1582
386.7297
369.2384
762.3537
282.1634
223.7876
198.2731
816.2687
494.8276
241.4345
585.2759
358.1568
354.33
219.3132
247.862
213.9442
309.7976
233.2729
241.5966
265.8267
261.4772
211.7939
172.7345
222.3692
324.06
233.6922
256.0009
189.6832
187.9144
171.5564
315.737
420.3735
848.838
168.6696
311.9642
197.4702
193.4937
335.2529
183.3293
196.4401
200.5454
363.8611
217.9166
208.6396
230.2935
196.7969
218.7628
232.5817
232.1653
242.3016
218.0403
200.6523
256.4464
184.5054
273.0768
248.8358
305.9641
229.8852
187.5072
216.1851
204.1105
295.6364
261.747
235.3326
249.898
237.101
204.7332
224.5189
248.8192
216.3398
206.661
222.6213
221.8854
392.4558
237.1236
223.3489
221.1703
225.8694
217.8915
219.121
217.3685
213.2311
208.1908
528.9648
327.8448
224.7142
330.7185
373.1607
334.1053
351.8504
214.7052
239.0128
235.9864
212.9236
273.0994
225.1447
370.6344
215.4004
226.4134
231.4856
209.3388
217.5749
245.0199
268.4105
268.0151
239.4418
223.8444
231.5434
241.4612
233.8778
270.2866
236.0441
291.1217
256.7074
228.3017
277.0029
219.461
419.8748
232.6176
219.7989
249.0769
235.9265
243.8454
258.0131
224.2569
259.9588
235.211
214.5953
231.1733
266.2423
260.8208
219.009
229.675
236.4543
219.7273
250.709
248.0488
262.3277
243.7639
209.158
219.2245
245.1277
207.6993
224.4694
243.4196
228.8516
214.559
219.6774
247.5328
234.5063
398.8991
251.4633
239.6699
259.9687
216.7989
228.7238
250.1924
223.5016
377.8186
651.6597
237.964
515.5573
348.6205
358.5651
241.4643
392.8008
218.6179
233.7799
219.83
242.0039
231.1603
301.3137
237.9443
227.759
389.5904
208.591
265.0569
234.2453
241.3871
255.8679
219.7535
247.353
251.4365
249.8024
238.9597
262.6433
283.9655
228.5882
226.0241
276.9483
246.1502
248.9174
223.8168
222.1904
269.4718
371.6828
241.5688
227.9511
258.8563
210.7138
218.6259
230.3408
248.6156
210.2423
251.2898
218.1242
308.9463
225.0366
223.8725
220.9336
220.3426
222.0062
240.2406
250.9921
232.4673
216.0886
222.6143
245.5928
217.6944
238.924
237.3072
233.9256
267.5381
247.2134
267.323
213.2448
233.9762
212.8485
307.4902
256.8603
223.6342
250.8878
238.4364
265.2321
232.1925
226.2034
262.5544
260.353
263.3599
237.9654
387.4392
249.0237
244.5767
202.9513
248.77
234.2126
218.6175
227.193
259.9758
225.6086
248.2075
264.352
220.1244
217.2918
254.4015
258.7722
245.6475
223.8405
253.1603
237.1217
248.8111
218.1676
220.3526
217.6075
244.3463
229.0864
198.4215
403.2251
254.831
215.3827
253.1064
245.4281
263.5657
223.97
345.2685
544.2517
271.0448
217.9325
384.9916
220.6277
258.4893
225.1612
240.7662
288.3036
213.725
367.082
219.5244
272.1947
228.9912
219.404
230.2808
251.9847
283.8499
231.2516
217.4648
239.769
251.7545
207.1012
280.3287
294.9555
238.5661
235.7719
252.7366
223.5345
214.2144
265.1404
230.3003
227.948
252.99
216.2711
205.7906
261.5249
256.691
226.2895
239.2201
231.6576
242.023
283.6615
262.629
261.0473
237.2235
208.5501
247.7752
210.6305
235.714
222.2676
219.9905
223.5537
302.5722
228.8074
351.6945
242.9386
192.3971
248.0537
428.1809
221.7288
257.1099
459.4198
228.147
285.0911
219.1121
222.2599
217.4736
325.8279
252.4496
244.0135
210.4275
196.5573
245.3934
251.6119
246.0956
367.1209
216.3961
205.5715
408.54
255.3987
257.0293
210.5938
205.4332
271.1782
214.3201
211.3143
200.1649
256.8578
301.5093
268.5506
205.7368
260.1045
228.4794
205.0443
383.4214
233.2898
284.9885
204.1358
260.9489
231.8581
252.5078
224.0991
239.6726
218.4706
226.4909
208.2793
206.4502
239.5492
210.2988
229.6489
203.3143
221.16
198.7885
244.1506
237.8497
207.6777
279.2288
219.0568
246.5875
250.111
218.8213
203.1579
262.7923
223.6699
251.3108
217.0151
194.2477
234.1431
261.4864
232.5566
436.1299
237.1098
244.2093
249.1839
207.395
208.4714
217.9709
241.6382
229.2939
228.6368
243.0157
243.4652
205.6112
223.3598
403.0511
224.9634
363.2353
205.3823
275.7544
285.3879
222.3646
215.1414
224.7714
210.8499
389.7164
211.2889
224.0705
232.5824
225.5732
262.8119
212.6696
211.1152
210.6717
379.9321
211.8323
298.5755
240.3405
207.7101
389.3726
237.0504
202.4565
190.5057
283.0303
251.7389
286.8435
176.7393
188.2573
188.7885
230.1012
187.9462
250.0022
358.2293
205.3121
260.2476
190.1251
482.9698
212.4516
235.5969
216.4252
208.502
210.0365
195.3971
254.1159
242.7054
223.0568
234.8
222.2265
202.9271
219.7754
244.4855
200.3085
246.3527
209.5677
185.6406
220.7992
337.9437
217.5381
237.8105
263.5966
205.323
250.0953
233.9178
265.8065
191.8636
230.071
198.7062
235.5764
214.7459
205.0742
208.1548
243.8943
228.1687
220.5878
196.4037
296.8214
200.6827
211.4252
230.6018
203.1359
177.63
207.387
251.5482
386.6713
223.2217
202.4841
250.6893
178.8263
194.5437
176.2502
165.451
193.4268
193.8742
202.9854
173.8752
184.7294
361.4827
191.9741
246.4655
172.8749
202.8744
179.6557
208.5446
177.4156
214.2154
232.7004
186.7998
226.8489
170.849
189.1259
219.9299
293.7975
175.8732
231.8058
174.2791
219.8144
185.8821
178.6626
223.284
279.6048
230.4406
187.9048
194.0054
204.1127
218.578
183.8301
191.2412
219.9658
198.4143
279.4284
176.773
187.7337
236.5876
163.1552
213.7587
216.6343
183.5614
167.4593
246.5598
164.046
160.4632
196.8797
235.5767
162.8422
154.5484
162.7326
186.8232
220.4252
155.6012
175.6494
197.4802
226.686
178.6207
176.0581
207.2217
176.8289
178.3211
196.3766
207.0215
189.289
183.6592
358.4008
164.3823
187.1149
196.3047
155.3874
339.5062
161.1316
186.6881
150.9423
201.4745
158.0911
232.9335
190.7153
202.9613
156.9248
197.1255
193.504
164.5403
170.5048
175.4842
157.4226
234.9948
164.4292
183.6924
153.1942
188.1045
193.9106
180.0672
181.5404
147.0225
162.7676
183.4753
168.3725
214.1115
169.5919
183.8103
156.7659
155.6989
172.4289
177.4477
153.0215
147.9917
165.0765
178.843
183.0972
151.7953
155.9438
159.2681
183.2255
169.1327
161.6481
172.3238
164.6154
165.0429
202.2997
199.3632
152.5397
170.9222
147.3978
163.5546
169.0175
178.9806
162.075
182.8279
159.0995
167.2556
144.1254
176.235
152.6368
155.625
148.7336
158.1828
173.0486
149.7464
149.3673
339.5607
147.9836
164.5489
169.7952
154.3383
160.1355
184.235
150.7594
152.149
166.1372
185.9784
152.32
143.8437
152.7397
186.4568
151.0077
155.3992
181.7924
153.4274
143.1338
148.895
144.5279
180.8545
149.0941
158.4281
152.8326
148.9675
176.7127
150.3684
150.6179
164.5843
152.9413
159.1553
175.0471
167.9946
149.1734
145.719
148.4534
151.1406
180.6714
150.0635
154.7585
150.4158
149.4505
152.8692
166.5407
147.3231
155.7988
147.7181
148.4242
164.3827
148.9315
166.4182
150.3981
146.4961
147.1174
146.0118
147.2721
153.4195
149.1538
158.9796
154.2787
144.1769
162.9568
158.2517
145.9423
172.1927
175.0079
158.0887
162.2299
146.7661
145.4885
149.9135
147.2637
155.1312
149.9761
150.0396
151.413
146.4935
155.985
147.7931
148.0016
170.8856
180.6045
146.9637
146.0886
155.3523
153.2981
170.678
167.7755
151.0398
151.4769
162.9959
177.8783
156.9
153.7796
148.3525
148.8086
175.1036
146.999
145.1004
175.3846
147.2313
147.1671
157.5896
151.4871
151.1009
150.2564
161.5998
163.7632
146.0828
144.8967
144.2222
151.5017
151.1408
155.349
171.2169
152.694
144.7244
166.8434
149.6081
145.068
147.7913
147.3121
164.7587
146.192
153.8003
150.39
163.409
163.7838
160.9751
152.7223
153.1283
146.7212
148.6837
146.9387
145.6174
152.9421
156.6823
147.0861
159.8487
149.983
176.3298
157.9402
157.1438
157.8208
155.4067
149.6192
163.7909
145.5439
154.8257
153.5176
149.3931
146.6322
157.3388
149.4061
144.7109
164.0694
145.9073
144.2828
155.9469
164.2288
146.0607
162.0355
143.9184
148.831
149.5884
156.9642
147.871
148.3195
167.4908
151.7966
145.7122
146.7744
161.5063
147.8155
147.3196
148.114
159.3507
150.7807
155.4547
146.551
168.3905
149.2773
150.3995
147.3232
160.366
149.1648
145.2807
146.7589
148.6013
147.36
146.5825
145.8799
166.0289
158.2729
148.361
148.455
174.6491
149.0332
152.3729
154.7003
146.2536
146.1366
147.2305
149.4506
150.3248
143.4123
150.1624
154.1251
158.3781
147.9957
149.0403
144.8327
153.6176
149.8807
152.0899
144.3422
147.8642
155.8099
162.7774
147.652
149.4377
149.9895
148.3588
147.9399
147.2778
147.2274
147.6895
168.1021
144.2527
145.7855
148.5855
148.8492
149.1682
149.066
152.9637
177.6575
150.0866
144.9004
149.7748
145.6754
149.4893
164.5207
154.7589
146.7937
158.8135
149.7756
152.092
157.6308
145.2978
151.4771
146.9558
150.7441
156.4276
162.0143
160.1157
148.2765
156.0199
144.7008
152.583
148.2055
146.954
150.4413
149.6355
177.8402
148.1587
149.3344
159.1918
153.891
149.383
156.8747
153.7735
149.5308
153.1825
147.3199
145.7261
156.209
147.9116
147.0099
152.1036
160.7244
150.7306
150.7279
147.2841
156.138
148.8553
162.8948
149.1462
148.5615
145.851
156.2796
198.5419
156.7508
147.5849
164.1905
152.9566
178.0883
150.4952
146.253
149.4116
148.7151
156.45
146.5487
150.1172
154.387
149.0511
148.5497
145.6919
145.6509
150.9497
144.6917
152.8432
145.7165
151.4261
150.3742
154.0775
154.3809
147.6899
148.0704
155.3156
151.2837
146.6145
155.356
146.5461
149.4649
145.1585
152.4011
144.6462
159.6909
148.0277
148.1519
152.668
162.5681
147.1809
149.4715
152.3752
165.4355
145.6609
147.5314
147.7805
153.5999
148.1737
149.6057
144.3488
151.8193
155.4887
150.4166
147.6747
152.1372
146.0399
152.3115
148.3136
146.5547
149.4867
144.9972
149.5902
150.5225
148.068
154.9952
144.8739
146.3752
166.2439
150.2779
167.1221
162.6896
166.6639
155.0036
148.9306
160.8306
148.5484
146.3586
151.3271
168.2784
148.4105
145.4214
146.0113
144.3582
171.1815
157.9157
164.099
177.7121
151.9216
144.8881
145.8974
148.5863
145.6648
146.6158
148.1082
149.1563
149.1371
174.1654
149.7812
145.6269
155.7431
147.475
153.7932
146.6911
147.9755
164.1125
148.6246
160.1902
149.835
153.5451
149.3037
148.1066
162.5536
157.9962
147.3725
145.5049
155.2609
154.2024
146.869
154.352
145.5361
145.6725
151.801
145.144
147.6752
160.8397
168.8599
157.8997
151.4598
145.4894
164.9007
152.8082
149.8683
155.6705
148.2319
147.4744
159.4566
164.0913
154.8579
172.2214
165.3979
146.4038
153.8355
152.7217
143.0586
149.1951
167.3774
151.7175
149.6609
150.7759
149.4604
152.0904
150.063
148.4807
148.0578
146.2078
148.5835
145.4112
155.5374
157.1708
150.7057
147.3935
151.706
148.6456
151.0733
146.7345
178.1184
166.2818
152.0936
151.0524
148.1916
149.0839
168.2932
145.6856
147.0278
164.1446
152.4634
148.3366
144.1989
146.8943
164.4915
142.6374
149.5041
164.262
146.2897
144.2022
145.9857
219.6895
144.9346
146.8714
146.5242
150.1242
148.166
174.1491
147.057
165.5079
146.9665
149.4305
144.7408
146.4697
146.404
144.4035
149.7325
151.1952
146.1048
147.4539
143.5256
165.2335
151.7068
149.5065
148.0234
156.8905
148.6641
161.5765
146.2382
147.9248
150.4623
145.7757
161.4929
144.2541
147.4861
154.388
147.8632
148.008
156.5831
144.9602
143.7232
160.0667
148.7675
149.0079
148.9767
149.4844
151.6975
156.4791
147.9453
148.8572
144.1419
148.5286
149.4433
149.808
146.8851
146.7431
172.122
143.2691
151.425
148.8283
146.3577
158.2754
147.6223
144.142
146.9804
161.8529
145.8572
158.922
157.1327
149.7155
162.4594
148.2769
160.6997
154.2155
142.3915
151.0246
161.9943
150.9037
147.3566
147.0121
154.924
148.7622
148.1303
147.3579
150.8464
164.7171
147.6799
149.5278
147.2232
156.9947
149.3043
163.4082
152.8938
142.9187
149.1893
176.4211
146.5699
143.3707
144.9769
147.1397
147.3771
148.6629
150.1886
160.0759
148.6594
145.5395
155.2932
146.983
150.5581
155.2227
147.1948
163.0188
159.8411
150.0967
164.255
149.7506
150.1956
146.5583
150.988
158.7154
148.1018
144.7348
145.4825
143.1991
150.1602
147.759
145.1828
144.7921
156.3733
146.4979
146.8946
161.7816
152.3736
149.2036
146.764
145.8224
159.1866
143.9182
144.4219
150.3764
145.9687
147.1811
151.089
146.8398
147.8328
145.814
147.3609
160.5825
157.0593
146.2774
148.4666
147.9039
152.4776
154.2759
149.0876
150.7212
148.9338
149.7194
147.6881
152.3369
146.1978
154.6792
148.8124
147.9513
150.7525
151.0278
148.6631
161.6967
145.8558
149.3585
149.657
160.9117
155.1317
145.1975
151.247
146.5242
148.1659
145.5191
168.4566
149.1747
148.0858
155.5713
157.5276
149.9438
155.0856
145.5594
154.5538
151.2154
155.3451
146.8246
148.3061
165.8973
150.6002
148.6942
162.7346
152.6198
158.6274
149.8163
146.1258
146.1111
146.744
152.1122
146.472
174.8452
154.5491
155.2997
147.2776
146.4141
149.9812
168.1091
159.8269
165.3373
149.1246
148.7039
162.7069
152.0141
144.661
147.9176
153.6221
148.8827
153.0113
150.4676
152.702
150.7476
146.6719
149.7285
145.2077
149.7747
143.6206
151.1738
156.7801
144.4744
148.2874
148.4979
144.4369
151.1229
149.3065
149.6246
144.471
149.394
146.469
153.4018
153.6344
156.4563
154.4735
146.9634
143.7865
144.729
150.1176
145.5868
148.4772
145.8285
151.3071
166.2008
148.6643
146.6241
149.9749
147.9393
150.4347
153.2745
146.4104
149.0476
147.0345
147.5196
144.4293
154.3918
151.3628
159.3474
151.3475
145.8805
145.0755
142.5899
153.1271
148.2256
149.4867
148.32
160.6922
158.1094
147.6665
154.2294
146.577
147.1458
146.9257
146.2583
150.9094
146.9261
155.2322
178.0927
159.0274
148.9043
160.4968
145.491
157.6357
148.3682
150.5765
162.4834
142.5103
147.384
148.9065
150.7584
151.4196
146.1381
144.1544
148.385
148.1659
155.8459
161.9306
148.9778
153.4316
146.7231
144.5373
147.4425
159.5289
148.9976
145.102
145.3935
152.4072
169.9005
147.2029
144.3398
147.3475
147.3241
147.7817
146.6679
145.5598
146.3193
144.1291
150.0138
152.1334
152.8556
148.0182
143.535
147.0931
149.2772
145.8227
144.5472
144.1269
149.539
150.4379
153.149
152.6619
155.7822
152.4944
154.3539
145.3605
143.0379
148.7578
148.1322
149.7658
149.3014
145.5403
143.6219
149.1061
161.4976
150.9889
152.1825
150.3671
151.2954
149.8556
153.4322
150.6624
146.6988
151.1997
145.5132
158.4189
148.9248
148.7674
147.1987
147.3092
151.0039
146.058
151.2814
148.7944
149.2643
147.7052
143.7996
163.763
150.5284
148.5152
147.5009
147.6736
149.1167
146.3716
149.3697
147.2046
150.2506
182.116
145.35
145.3703
150.6975
147.3562
152.6922
147.384
146.0197
146.4125
144.7479
159.6581
146.5371
148.9899
149.2676
144.859
151.2541
149.344
150.7419
149.2412
161.2917
144.517
150.1448
146.2604
145.9554
147.0303
145.1045
148.1415
148.1357
147.4284
151.0426
152.9608
148.743
146.8279
147.3023
146.4502
149.4366
146.7626
161.2928
143.6272
154.0046
148.0184
145.7912
149.3397
150.8753
148.8841
146.9238
144.9572
154.0948
148.4309
145.1019
146.5482
151.0114
149.6009
149.6492
146.6007
143.8383
150.6305
148.957
148.0073
152.3704
146.8568
149.7243
146.9313
154.0497
146.9361
158.2441
164.5397
145.4289
147.3009
146.0273
159.8922
151.5678
163.519
148.8843
147.6506
149.5681
146.7431
146.7274
143.8486
147.7252
152.3631
147.4145
153.724
152.7454
146.2229
150.2938
145.0432
148.7328
147.4131
151.0861
149.6657
148.8415
145.462
148.6193
150.7228
149.7547
152.4356
144.6837
159.0226
153.1099
143.3567
157.062
145.9234
148.2263
148.6456
144.8507
151.1357
159.7485
150.3312
149.0246
146.839
145.5265
150.3814
152.1734
145.7651
153.7354
147.2588
149.7247
149.8857
170.8282
164.4419
147.4015
149.2273
144.0087
151.6543
146.6839
157.7797
149.8326
148.9297
144.8702
163.0895
150.1639
147.9742
149.8282
158.4476
145.9332
147.1188
144.8553
145.9071
156.4
152.6363
150.3664
149.2572
152.8456
152.3839
145.0846
147.6949
148.1097
146.364
153.9266
149.0902
145.9667
149.0194
148.4342
149.0713
145.9915
146.8933
163.9994
144.0919
145.4075
150.5233
157.6829
144.5329
147.4123
147.2683
147.3957
145.6247
146.3152
147.5828
154.3648
148.9858
147.709
147.6189
155.2182
148.0598
148.4427
148.0475
148.5282
151.6466
158.1182
150.4523
153.0357
146.3398
150.9917
156.9638
148.9889
147.2713
161.468
146.6478
155.1582
144.745
147.3157
159.1616
145.0473
152.3813
150.1475
147.7272
145.8177
149.9416
148.9589
141.9096
143.921
144.7586
148.6672
148.6275
145.9992
163.4559
161.5999
147.9127
149.5314
148.0799
142.0995
147.0013
146.9349
147.2502
145.8206
150.1252
147.1117
147.8904
144.2755
167.7782
146.3738
145.0924
150.695
165.7084
154.718
145.1664
146.9197
148.8666
144.745
146.8235
155.8401
146.0135
150.8459
164.6244
143.8651
145.0148
147.6364
150.7347
147.2403
152.946
142.8783
147.9264
148.1338
151.3821
149.6112
146.8229
147.1766
146.8697
156.5477
152.462
143.7411
170.846
147.6966
148.6194
146.0365
152.2862
145.5538
149.9123
167.2631
151.3429
144.0507
143.9238
146.538
145.8444
144.2789
151.9351
152.3772
164.3417
159.4785
144.4239
145.5505
162.9996
143.8361
152.0994
146.7572
145.9382
153.6426
149.693
156.4993
154.0547
170.3451
151.4156
149.0332
149.4264
144.427
148.8983
149.4919
149.7512
149.2205
147.5688
150.3797
146.8918
146.2345
148.9966
146.6365
149.6052
145.6009
145.0284
150.4415
145.7536
146.1268
161.8093
147.8689
147.0032
146.9103
149.2244
147.0648
144.3175
147.2087
153.5526
144.4044
148.4485
151.2507
149.9088
146.5263
148.034
150.3476
147.6233
150.842
149.4426
147.1589
150.3275
149.1416
146.2036
146.3378
148.409
146.1578
147.267
152.8189
157.5521
148.6384
155.6958
143.6092
152.7609
147.7968
149.9728
162.2055
151.9646
165.5632
148.8265
149.2518
152.1907
147.9623
153.8368
157.6349
147.1311
151.1878
147.2576
145.5776
143.3046
143.4106
144.4834
150.6085
165.9571
150.5149
147.5696
145.5364
150.1283
146.8849
145.0482
141.9574
151.5593
156.4575
148.3687
147.8892
147.0434
146.6471
149.2688
149.9202
150.2278
146.8743
145.1246
147.5483
147.803
152.6249
147.0879
146.9829
147.6728
150.9886
165.126
143.9742
147.574
145.064
146.3996
147.5543
146.693
151.0104
145.9269
149.8811
143.8261
148.9882
149.6518
143.2316
144.6541
149.5448
144.8345
146.087
151.7347
145.4301
148.9326
147.6848
146.6511
145.1122
145.4779
149.4884
151.12
146.1856
149.6812
148.4719
149.7266
166.6357
146.4251
150.0602
149.7015
146.9314
147.6322
141.8836
145.4986
145.0841
151.3366
145.6237
142.8436
142.9245
148.3085
149.0396
162.8385
143.7213
141.7508
147.0162
143.0193
144.9851
145.3012
147.6731
150.2066
148.4417
146.6727
144.9643
152.3748
144.4069
148.1765
147.1259
143.3024
150.2783
144.0319
149.316
147.1007
142.7833
151.8238
145.5628
146.5719
158.9572
146.1991
148.9615
143.6891
160.1824
146.8364
147.1472
147.0734
146.5647
154.2069
147.3554
149.8189
145.5924
147.064
160.8626
143.5014
145.4456
166.1502
156.578
142.0995
146.4328
145.553
145.3628
146.265
145.3915
145.7921
145.8564
146.277
149.5257
146.6979
146.139
154.9101
151.035
147.2163
150.5294
146.3799
171.0371
149.4668
145.4399
148.4547
145.7757
148.4602
142.3245
145.8289
147.762
148.2266
147.34
149.2207
163.025
152.01
150.0054
144.4876
154.2776
145.1018
157.5053
145.2854
146.1265
148.4844
147.7263
149.4277
145.6643
147.6748
145.2148
146.631
146.3516
142.9036
151.5241
144.7113
145.2001
143.8211
143.9219
145.1843
145.1653
147.7077
147.0913
147.7409
146.6054
147.0565
148.0777
159.1426
145.6679
145.9636
151.1485
143.6328
146.9857
147.0428
146.1442
145.1452
143.8211
144.1733
146.4222
152.9383
152.3423
171.6341
149.867
147.514
145.6747
143.0032
145.9592
144.0496
148.2635
145.2812
148.3242
144.4027
147.4272
149.2475
145.0962
149.1059
144.9062
150.0917
147.6501
143.9024
146.5984
152.0746
153.7324
147.5514
146.0455
148.4003
155.4999
148.4607
151.0927
149.4563
151.8035
144.2177
146.3119
152.5397
148.353
145.7072
144.8436
144.2176
145.5677
149.388
151.9986
146.0719
155.9855
143.5731
148.3565
156.3661
150.3798
142.1691
144.361
143.9122
144.6009
150.0176
145.5186
150.5769
155.2918
146.4725
147.3602
161.4419
148.6163
148.0106
145.5145
144.538
156.1848
145.378
144.4717
150.7258
145.4212
148.9884
148.5678
150.6981
146.026
147.6709
147.0668
151.0299
142.2933
151.5706
152.3409
152.0353
145.6381
150.7617
156.6254
147.3671
147.5196
148.5147
147.1195
153.2678
149.0475
149.901
145.1915
149.5861
148.5541
149.44
148.7433
149.1352
149.2527
149.7772
149.1172
148.637
147.1281
145.4357
147.843
146.7639
149.786
145.4939
151.1269
147.4647
145.3903
150.8868
142.3426
150.6373
147.4037
149.0324
146.8375
143.462
143.7248
144.9137
147.644
144.6742
148.2587
146.7306
149.0233
144.5141
143.5262
145.2679
142.7936
144.3979
148.8222
156.9982
145.2777
148.6578
146.2742
144.9226
149.0996
145.3339
149.7036
148.7908
154.8882
146.0135
143.6635
144.2612
151.3449
144.3174
165.5139
145.5171
145.9282
143.0516
148.8759
148.3757
145.7942
145.5768
146.8681
146.4294
144.3733
145.7953
151.147
147.7566
159.4487
142.2382
145.4773
144.793
148.0033
149.9996
143.8681
155.3644
155.6038
147.8402
141.768
146.1865
146.4599
148.6608
145.0606
145.5759
146.0574
149.3464
146.8521
143.3936
144.9774
144.9644
142.9245
145.8794
146.1637
149.4884
147.0398
147.8431
168.2084
158.8628
143.7559
145.4749
141.7388
149.297
147.2018
159.4137
151.1857
147.7594
147.0227
145.8755
149.0459
146.5136
152.1805
151.4843
148.8148
145.5796
164.2208
145.4524
145.861
142.9453
153.6193
151.5708
145.3026
150.0167
143.6612
152.4493
143.1006
149.7723
143.9596
145.2424
149.6217
146.2104
149.0294
143.1519
147.5871
143.6605
146.2954
145.4239
153.7082
144.0368
152.756
143.6997
151.2438
146.0015
148.3447
148.8164
142.8908
146.4577
150.3411
144.014
141.4525
146.7152
147.6403
148.5236
146.8216
145.4925
144.3379
144.504
141.1557
144.4223
145.8013
152.6774
147.862
150.7938
145.9733
153.9395
147.918
148.8176
143.566
141.1409
147.6784
145.6436
149.4702
149.5526
147.7547
148.1379
147.614
152.7117
142.6688
147.4265
145.1089
146.0617
145.9561
145.0273
145.0806
145.5062
145.0974
144.3484
143.8728
148.0153
144.581
145.6267
143.045
145.9227
150.145
146.0928
150.3013
145.9887
142.9245
143.5862
152.776
143.1113
149.1277
146.2434
145.546
149.5585
147.8106
145.59
143.9798
149.7947
143.9992
146.9036
148.0598
147.0592
148.9602
151.8331
149.0702
143.0733
147.7068
151.348
147.2564
144.9085
144.3629
152.9906
144.3493
143.4949
147.7431
151.5417
157.2801
151.0156
149.363
143.8729
147.8969
148.0621
168.4999
145.9729
147.7045
146.4674
147.6624
144.0767
147.1883
149.3327
167.3954
158.3035
145.2975
148.7933
147.4937
147.4966
141.427
146.0069
142.4141
144.3335
146.58
151.2549
162.1911
144.1066
149.5358
143.5233
152.3319
142.2259
157.2531
142.639
147.6457
144.4218
149.7823
145.9864
145.2876
147.6715
146.8
148.0577
147.7281
146.2755
146.1817
147.449
143.8703
147.03
147.0714
146.55
145.7507
149.1148
146.1392
144.343
143.6746
147.1654
159.4656
156.8274
162.1357
150.7421
146.4464
146.7322
147.1195
156.1396
143.6149
144.4611
147.1499
140.3665
145.4303
143.7542
145.4459
150.5478
150.5067
145.2098
141.9271
164.8923
145.3603
143.2325
154.9182
143.0095
153.6908
148.6068
146.3806
145.5011
143.0222
145.7606
147.7133
161.5873
153.5455
142.3662
159.4279
155.0361
145.3271
144.6153
144.6487
146.396
152.4007
146.0611
150.7702
148.1217
146.1473
142.968
142.7514
144.9884
148.7271
150.501
145.4835
144.3882
143.2663
151.8581
145.7193
146.8975
145.1869
146.516
144.0864
145.2005
148.9891
142.4289
151.8879
143.7384
145.1024
146.9405
143.2883
142.6591
143.1865
145.9334
142.9247
148.8951
146.8832
148.9071
145.2622
147.7018
148.6005
142.233
144.5691
144.7191
145.1576
145.108
145.6263
148.3884
152.6384
147.1919
144.3374
148.0644
146.4384
143.8985
148.898
141.6624
147.7339
147.0141
147.0845
164.5568
145.4864
151.9519
143.428
150.2769
148.2538
145.3427
143.9521
151.009
144.1245
143.0177
144.2148
148.8793
146.3562
145.7947
143.2468
147.2739
143.8863
144.1352
148.4856
153.0402
150.1483
149.5858
154.5668
143.1297
145.7392
153.8996
147.603
143.906
148.8739
143.1376
144.8356
147.4438
144.1825
152.2186
144.8718
156.9558
144.5553
155.3262
142.3574
141.1637
146.6901
162.1316
148.3489
142.5443
144.2505
149.0229
144.5417
158.8482
149.5363
154.3751
145.8617
145.1651
151.6758
142.8741
150.7403
153.0558
144.4943
141.2501
142.4073
152.0044
149.2789
146.594
144.6255
147.792
144.0333
161.7244
141.9148
147.3439
149.524
145.802
150.1409
144.0141
146.1483
147.5424
148.449
143.7254
152.3143
148.5908
144.0303
145.2123
142.9327
144.5942
147.4036
148.2673
150.9155
146.8368
151.3589
143.3839
146.1048
141.9271
146.0524
144.8507
148.2504
147.1302
147.837
147.2622
147.449
145.0821
149.8331
145.8511
142.3019
146.0721
145.1192
146.2964
141.6061
144.7154
144.7594
146.6163
144.635
150.3329
149.1464
143.4927
142.1367
148.4953
144.779
143.8678
147.278
143.9232
166.9295
154.4289
147.8397
165.0619
144.6631
148.884
145.1451
152.5669
147.1495
149.6651
149.8795
146.223
143.0385
146.3205
153.0185
141.9759
146.1707
146.0515
164.9807
151.064
148.4554
150.3398
142.5148
144.1097
146.2635
146.0385
147.1653
167.9597
149.5237
143.5067
151.2079
142.2078
142.483
142.7409
156.796
146.3702
143.6149
144.204
145.9647
141.5901
141.851
142.4453
143.5736
143.2872
141.5909
145.3229
144.01
145.7212
149.6727
146.4564
143.3081
144.4494
144.458
144.9074
145.3316
146.6646
144.7307
143.4504
147.1025
146.2914
148.7449
147.9305
147.334
146.1819
149.2091
170.5873
144.7729
151.7546
146.5842
148.3952
164.2849
151.5316
145.5189
144.3683
159.3038
144.3346
144.3069
149.2954
145.1787
145.2051
156.9468
149.1606
145.6652
146.8588
156.7398
145.2178
157.4971
148.8874
146.3388
145.9687
144.9687
143.8728
150.6382
142.0112
141.3074
150.2172
146.6499
142.9668
145.6059
143.683
158.8195
145.9507
146.1601
144.313
144.9936
148.5651
156.9089
142.3148
144.2186
147.2868
145.2426
149.7695
143.2334
147.2894
147.1862
144.0631
163.71
147.1365
145.1184
148.0367
145.1412
148.3245
151.642
146.9819
144.7864
146.7438
147.1371
150.1968
147.461
148.8037
144.653
148.1448
147.0537
143.2739
148.1902
152.4398
146.3457
146.1591
142.2632
146.6889
144.7351
144.133
148.3897
151.4669
142.8189
148.29
149.2665
147.6879
145.3816
149.7798
147.3238
147.2501
142.999
146.8568
143.9926
150.3941
146.5345
149.6317
146.9681
143.8976
155.5946
144.1396
145.5453
145.9435
150.0049
142.9717
142.1629
147.5082
147.7859
144.9016
148.7953
150.6283
149.8361
147.821
147.993
142.4573
151.7513
150.8295
145.5716
145.4411
146.6775
148.1607
145.2034
145.463
148.3281
155.8453
147.0479
144.7117
150.0805
147.216
153.9052
147.1744
143.6149
141.3583
148.7225
143.8273
146.6936
145.2109
142.5778
147.29
145.2544
145.3337
147.5293
142.0739
148.9625
147.6565
143.3152
146.0146
147.3498
144.2909
144.742
142.2586
144.2524
145.5713
144.3317
147.4303
144.4392
145.5792
151.5504
140.3033
150.8396
145.6194
145.4402
149.9352
149.4041
149.3004
145.0303
150.2468
145.1296
144.1253
149.7557
151.6404
148.6387
148.7205
147.4568
142.3557
144.2509
143.1928
160.7246
143.7467
143.4593
148.3738
144.4492
143.1598
144.9711
162.3957
144.9239
150.0886
144.7143
143.5801
154.0843
146.2748
148.165
142.0414
146.143
146.0161
151.7023
142.9068
145.4231
143.061
143.8313
142.4451
147.3542
146.2874
143.3512
150.5358
144.6201
143.9285
143.2444
147.9546
146.0204
159.8245
142.6391
147.89
146.299
165.6029
141.562
154.0626
148.5789
148.0195
143.7728
152.2156
149.379
146.1566
150.0615
147.1455
157.2854
146.4409
147.7908
145.5096
145.897
148.2275
147.5678
145.6878
145.9666
152.6968
149.8343
146.3135
150.9851
145.5728
149.2218
146.698
150.3948
145.6562
150.1863
150.132
147.0415
149.0366
145.5083
157.2976
143.9618
148.4011
144.8891
144.3751
144.6639
145.5204
146.1287
146.5554
143.7441
143.1545
145.5839
148.9373
147.2166
151.7554
146.517
143.7937
143.045
146.6081
162.0043
158.8167
145.8431
142.7611
149.004
144.2103
145.9099
151.3909
146.004
146.2722
147.2442
145.6716
0
