Q w/ Reward Shaping(Time) & Backtracking(Infinte)
898.0426
932.5188
514.3518
430.9453
630.5415
560.2822
247.1792
407.2814
372.3784
717.2382
303.0327
353.3479
210.9421
576.8465
468.4874
732.9992
316.58
271.6058
417.9255
284.9214
251.1045
268.3494
209.9126
198.349
192.902
254.2227
219.4192
474.6997
380.0505
218.2823
573.5776
336.4002
373.552
457.5429
349.1029
201.0085
195.1746
241.971
310.2331
286.3033
228.9421
265.1213
385.7578
229.6658
248.5815
261.8162
335.2007
318.9387
474.0247
356.4663
509.8928
481.7481
226.3854
200.4737
219.9407
251.3245
242.4175
219.5544
270.2775
283.5716
260.7249
236.3621
262.8927
186.7896
383.5374
408.5825
265.5758
222.4076
198.5741
235.5903
266.3545
334.4483
247.422
281.5474
224.0322
221.3208
196.7733
193.9832
256.0984
388.7421
811.9099
213.8098
379.5143
280.2839
220.9632
195.2611
244.2741
213.2761
227.5587
258.4387
357.4464
192.567
262.1839
208.8897
221.1844
202.7876
258.6911
247.1593
261.2905
260.1094
299.1266
204.7277
428.729
251.2253
388.8297
197.3771
203.7387
203.0588
219.6735
232.8253
361.5147
213.3743
211.4402
201.0805
218.3231
349.8211
372.9635
221.3502
206.8506
345.0316
247.1778
222.1121
221.0185
197.5622
192.7397
270.6614
409.1121
255.1857
252.7864
259.7289
222.7424
260.2904
377.7157
214.0966
205.228
217.61
212.7563
290.1032
219.2344
210.3562
213.0494
369.5597
223.6028
235.3428
248.3333
260.3029
452.1356
348.2702
511.2585
204.149
216.0847
257.5031
233.4882
384.0951
240.7518
288.2743
386.6604
226.005
290.4865
248.0554
201.2391
222.1047
423.5048
201.2589
222.1968
182.5325
216.3064
245.5577
384.2658
236.7912
366.3986
223.9791
220.9971
209.4183
531.9133
180.8764
241.4461
216.8654
238.9862
197.9744
257.8622
261.3484
225.0898
266.204
204.2371
300.5277
258.466
370.7215
224.1309
219.0271
254.9468
209.8721
320.1957
212.9966
204.522
212.8245
242.1986
256.437
218.3251
283.4483
200.534
238.7398
270.7482
266.3156
202.6714
227.237
208.8603
206.0011
201.6302
231.0666
211.9023
197.0596
417.985
209.5388
232.9864
188.4429
214.098
205.727
225.5586
202.0276
218.1574
206.8287
228.9726
222.1285
401.8204
198.1819
189.3757
213.739
196.4301
232.3293
262.3586
216.1822
239.3177
218.6095
209.9772
223.063
411.3901
211.0402
232.8465
209.6486
184.4439
159.4559
208.2989
201.8704
238.882
189.8726
186.2656
215.0547
179.0038
192.5504
225.6599
196.9606
218.5722
190.2699
197.138
203.2584
196.7359
189.5668
183.3749
178.4454
186.6113
184.041
192.9544
175.0296
206.3804
175.9214
195.2261
176.3423
188.9685
205.1664
217.3856
230.621
184.8462
204.8254
181.7973
173.9053
365.9902
193.5783
155.1886
161.3824
192.8488
185.0725
188.6072
162.4573
163.9791
174.7533
181.797
159.7664
160.4876
154.8396
173.3962
183.0691
175.4764
170.7034
188.2538
155.7324
183.8803
195.6027
179.4427
202.7849
156.0239
169.1483
162.8492
154.8857
158.2069
160.4954
164.8109
163.7175
159.6883
164.1276
176.4364
164.1883
163.1197
167.306
155.6274
172.7396
164.6242
152.9805
177.8202
149.396
178.67
159.4489
159.2934
198.3002
153.2977
175.7375
182.7332
159.7875
164.7107
147.1019
151.5957
154.2488
149.374
155.5003
162.193
150.0158
166.2689
148.5433
161.2179
166.7737
174.3458
160.8917
181.2424
162.8945
164.0833
147.392
151.5708
161.4163
147.4987
168.7706
154.3939
184.6784
152.478
147.2474
156.4782
162.3318
156.9173
153.6268
163.1504
158.1832
153.8039
161.1187
161.3153
156.1529
147.2313
155.7415
156.4962
155.5414
170.5836
164.1086
175.6226
150.2457
155.0575
149.8877
149.4461
151.422
165.1483
150.5157
152.1567
171.3632
147.4904
162.9856
153.6747
152.455
146.533
152.2257
157.5486
171.6709
156.1857
148.6756
150.7323
151.6183
152.1161
162.7852
151.187
172.1425
173.1727
149.0333
153.7746
163.9119
163.683
153.6278
148.2388
150.8576
152.6519
155.6221
150.848
161.8244
163.1308
149.4119
172.4976
156.3049
160.4338
149.7314
153.7065
161.41
147.1819
149.3751
150.3265
149.0251
165.5591
152.6137
166.326
152.1123
161.7577
154.7729
153.9772
153.2654
147.7968
150.2186
149.5107
153.5265
148.5807
162.1023
148.9818
153.6972
151.3364
186.0106
147.8733
168.8471
150.0781
157.3386
165.3171
153.7945
153.1642
148.3631
160.9065
152.9542
183.7762
151.4946
151.757
151.7661
155.6807
158.4603
154.6151
150.4031
159.3815
158.3014
157.7332
170.3904
146.9288
151.5933
156.8007
149.9038
161.1813
155.5877
162.5472
160.1202
162.2749
152.5826
163.4581
165.3725
148.6916
151.9901
153.6819
168.102
151.5897
150.9615
147.5344
149.7218
159.5692
170.6324
148.2137
156.3991
145.9979
159.9539
157.9544
160.3765
179.9951
155.8413
159.2302
152.047
151.058
150.7949
150.3429
160.4063
148.8567
168.1703
168.0083
151.6108
150.6592
146.1919
162.852
145.885
151.8021
149.5285
150.0033
160.786
151.3004
150.3983
162.7434
159.7324
150.3374
143.9908
151.1358
163.1857
148.4467
149.3652
157.3494
160.1087
154.2554
149.6084
147.7894
162.5096
158.3671
162.8533
146.5156
160.3964
178.7627
161.2182
161.6347
150.1996
146.4484
160.0338
159.7394
150.8779
153.3331
151.5257
153.7195
146.4193
160.1452
159.2497
157.2352
149.0316
147.5204
150.8276
152.4696
178.0194
147.8882
166.0136
154.845
148.5597
163.978
149.9525
162.6062
148.8742
146.8946
165.5479
158.3262
155.3824
171.1342
159.6931
150.1629
150.8489
148.8228
153.038
183.3261
151.4204
151.7883
150.2878
151.2585
149.6554
156.9031
148.7382
159.4626
147.6473
145.9139
144.8911
154.6597
148.7346
148.1837
159.9995
166.3411
148.3267
148.3789
147.3735
157.8584
179.7474
150.0566
164.8083
152.087
162.4612
151.3587
147.4962
147.2999
151.4391
148.8406
146.9358
161.4453
150.143
153.5611
163.712
150.2281
150.5013
160.5267
152.9564
148.3682
148.5947
151.922
155.731
152.2582
153.0497
151.6442
154.8477
166.8594
146.4485
147.8779
150.8768
146.5509
147.3669
148.4159
158.9623
148.2539
151.4707
147.3946
150.0394
147.1179
148.3666
148.3946
157.9079
149.468
156.0585
148.4282
152.3084
156.3687
165.3301
162.7226
145.6198
152.3994
151.0627
169.5196
147.3973
146.5057
147.5282
148.347
162.6847
144.8911
165.5182
148.7398
147.9936
159.8777
150.4546
146.9521
145.9043
163.7653
152.2273
158.1988
154.123
147.9335
146.9361
152.9023
152.7832
150.0471
152.6652
150.2203
148.9027
159.9782
162.8712
143.7522
163.1038
160.0853
148.8688
150.2455
143.3596
166.5847
149.0481
161.9603
153.916
146.9489
159.944
149.8386
155.7524
171.3608
160.3874
146.7385
154.0126
151.6268
157.8569
155.271
155.5641
144.7869
149.812
154.5842
145.6882
150.6244
148.9039
148.5427
156.7242
160.278
148.423
150.5799
146.8632
153.2245
149.008
167.8865
147.3249
165.6906
157.4119
149.1678
146.167
144.2914
151.0563
150.7078
150.6322
159.5372
149.8347
166.1668
153.2077
159.9345
147.0897
147.9081
148.2408
148.5531
145.0459
146.0671
148.3916
147.2602
147.3287
163.1212
145.5954
157.6099
145.4332
146.8936
148.2987
148.4249
172.4727
143.8391
145.5133
149.6476
146.2301
163.6602
149.1525
154.2087
145.7453
147.7407
152.6596
149.3744
168.8729
145.7635
239.5071
146.3281
159.3881
148.1766
142.609
150.9986
149.0202
158.3402
150.9409
148.0421
148.3632
161.2975
153.158
153.6604
150.3919
149.8205
166.0062
159.1764
145.1249
147.8945
147.7131
154.1566
147.6536
152.0642
158.3822
152.5859
147.8426
157.9137
151.3309
162.9096
164.1523
153.908
143.7472
154.1349
148.2006
152.5983
149.6945
147.3572
148.4564
145.549
168.876
159.4603
154.7157
144.9853
147.1776
146.8513
149.5417
149.1631
160.5272
146.0172
151.2409
152.156
151.7697
145.2269
150.9688
144.9418
145.2394
148.7246
158.8774
155.7121
146.1578
149.413
149.2832
147.4854
147.7224
143.8343
149.9324
149.1567
156.3591
147.3572
147.444
148.8588
148.4292
147.7052
149.7735
146.3312
146.289
151.5493
161.4255
161.8473
147.4027
169.4114
146.7445
150.1256
149.7789
149.3284
164.0023
168.1051
154.1143
151.1569
151.6093
150.7371
153.6199
144.2911
145.283
147.1724
147.5688
148.8832
152.7202
153.7377
143.485
168.9292
151.7506
147.2584
146.5123
149.3209
147.3986
144.1849
148.6246
147.548
145.831
152.9507
153.922
145.6135
156.9149
154.1832
153.8434
148.1513
146.827
148.3781
161.1165
145.8018
151.7288
147.6917
145.3608
147.2795
148.9222
144.1612
147.5137
149.8677
144.5631
144.6247
153.6032
149.7785
149.335
143.5978
155.409
144.5296
146.0038
158.4672
146.415
148.0839
148.5741
146.7472
151.6213
145.2973
147.3496
148.3798
150.6595
148.5679
147.4672
153.6249
150.1459
146.4367
146.5091
148.3632
174.5515
146.8888
147.0727
150.5793
146.3143
154.8124
144.7314
145.9394
161.4307
158.6574
160.4499
157.8804
144.9449
150.8249
160.0978
155.2631
162.1139
166.3951
146.3557
150.637
148.8321
145.0041
146.9933
168.1045
158.5863
164.5067
144.3111
148.3589
164.1003
148.3729
147.5441
152.0711
145.3292
144.6987
144.8524
153.7528
157.4283
149.4272
152.871
158.1486
148.1992
144.0752
145.4344
153.6103
149.7458
144.9252
149.1671
160.24
144.5002
152.228
146.1732
145.3609
159.1018
149.6216
148.3787
152.7065
146.3369
151.9267
152.5874
147.478
164.5416
148.4593
148.5786
148.2054
150.398
151.3852
156.9767
144.4966
146.9567
152.9627
148.203
146.1118
151.9607
152.0084
149.0493
148.3124
147.5632
148.9013
149.0128
146.5176
151.0465
147.5612
170.1437
148.6085
148.3043
150.5796
149.0119
147.5011
149.6072
146.647
152.366
148.7063
147.9979
160.6088
152.7322
151.0461
155.1664
142.2908
146.1658
151.3639
148.8053
152.472
143.9966
145.9632
171.9344
146.6995
150.6455
147.3055
154.351
147.1076
150.2884
152.112
151.0792
149.3581
149.5777
156.2477
147.1191
148.7751
146.7945
147.9278
146.4942
146.5911
163.0242
145.8378
147.8035
146.4686
157.9222
150.6039
152.168
161.4131
146.3352
153.7599
168.0226
164.3579
146.1305
146.2328
144.7128
148.9557
148.4012
144.021
144.1323
145.282
147.4098
167.4504
144.716
151.1807
146.9318
149.0142
150.6729
153.6258
149.5427
145.3872
149.4974
146.191
145.8909
149.048
146.6639
146.6141
152.0854
147.3797
148.7335
145.9806
151.6455
143.9232
145.1453
151.9588
151.6598
150.2122
148.116
143.1449
146.2488
151.7565
149.4766
143.7449
145.6055
146.2097
146.5122
153.3252
145.8135
147.8339
149.5864
143.3908
152.9923
163.1436
148.5286
153.008
146.2961
146.8179
148.2303
147.418
151.0927
148.2444
147.465
157.911
149.3086
150.7048
154.3918
152.0245
148.0568
156.4656
156.4008
148.4849
149.4129
148.2487
154.9483
147.1848
147.212
144.3977
147.6458
146.2771
152.3907
147.6539
152.2233
147.5826
144.3384
149.5809
159.2225
146.4386
147.0815
147.6731
149.3286
148.4099
148.0389
168.7746
149.1775
150.0871
143.8097
151.6143
146.1826
158.1033
147.4264
151.8084
156.8077
146.0346
144.8696
144.8253
152.1365
144.3924
146.1626
151.7975
147.0416
146.2963
143.9562
151.4761
148.924
145.8745
147.0369
145.4176
149.7553
146.9273
143.1074
149.0282
151.6557
154.76
145.6213
151.2908
146.7895
149.4831
146.6973
146.0239
144.8955
151.4348
159.4876
153.0919
143.4389
147.6457
149.9385
147.8831
148.6597
156.2976
148.9831
145.2875
147.6848
151.4489
151.556
151.032
143.6365
147.6628
151.3773
150.275
158.9317
146.0023
146.2475
149.6269
147.876
149.2268
146.6048
147.2544
160.8837
162.5377
146.3742
152.1832
148.6424
156.8624
150.2788
149.465
148.4783
147.5842
146.9805
144.3569
150.632
155.8021
150.8881
145.9943
145.7288
152.0569
149.2433
150.1752
148.9476
153.5962
146.1335
147.2582
145.9124
154.8333
144.9987
149.597
147.7228
149.5062
149.1251
147.272
145.9745
146.9697
150.2375
152.2261
146.5434
150.0991
147.0236
146.2933
147.7429
157.1014
145.7452
158.9986
152.8435
149.4468
149.345
146.8605
148.1859
148.4314
143.904
149.4796
148.8745
152.7885
147.4807
146.2527
150.8004
146.2465
153.2733
148.8779
152.9515
146.2793
149.0446
152.0664
152.6235
147.2063
157.4469
147.3817
147.5074
149.9016
151.9938
144.0932
153.5956
161.5865
155.4982
155.9575
150.4825
162.7327
156.4119
144.8995
143.9977
146.3305
152.8013
143.1449
146.9238
146.3358
147.7446
144.6933
151.2026
148.4989
145.1229
149.2494
152.0153
147.3584
146.9842
149.0546
144.0032
150.0056
148.2927
148.7264
150.0623
159.6535
150.5817
151.3642
147.1473
144.7153
145.7823
158.7129
149.8654
149.4346
156.8246
149.7084
145.9552
147.6105
150.0129
147.0388
144.3542
148.0433
145.8294
152.0867
150.3464
149.3552
150.7217
150.616
146.4865
147.6545
143.8967
146.1479
163.6538
149.0762
154.9827
144.7654
148.8809
145.9081
148.3701
147.2985
151.15
145.9124
149.9649
175.3009
147.1647
151.5051
163.0532
155.6507
146.9184
145.7453
144.1483
159.2819
153.1715
146.8518
144.0868
146.7829
150.5876
147.0064
146.9971
149.266
147.7299
148.5759
148.3925
145.1655
147.9585
170.4662
146.8793
146.5693
147.8816
144.8617
331.7956
152.3363
148.5995
144.5386
146.9945
146.6906
147.3573
147.9845
151.2121
145.9505
149.821
145.2933
150.6883
150.6957
146.884
161.6203
152.1935
147.4023
144.6069
148.0063
147.8698
158.0259
144.7543
147.19
145.0707
148.0292
146.6803
150.9576
153.4675
146.6354
150.9008
146.8415
156.7256
143.9291
161.6117
159.5432
143.0053
146.3051
146.4322
153.8528
146.268
147.6547
147.5043
153.2162
148.9614
147.513
144.232
146.9944
146.5121
147.8764
151.1108
147.1851
150.0381
147.5692
142.4425
144.7875
148.727
144.7952
149.3141
148.2579
151.7787
144.4591
146.4442
148.3047
159.2746
141.8483
183.2207
147.6878
150.5559
147.5507
149.1661
146.9095
145.9224
147.9852
147.0401
147.5832
150.1922
164.9508
148.9837
162.6796
147.4725
151.0429
151.3443
149.3819
147.5541
151.4445
149.6459
148.1619
145.8313
149.7951
151.7904
153.3717
150.1539
149.5092
161.4279
161.1168
150.2273
146.0834
154.8531
151.9957
153.5714
147.2785
148.4855
148.1234
146.5415
151.2085
146.2567
148.1077
146.4638
150.4844
145.1302
153.5901
145.9928
147.132
142.2925
150.121
146.9026
146.9689
152.7649
145.9354
150.3881
153.6616
151.88
143.4458
146.9959
148.2602
151.0051
148.7784
149.1562
156.0624
152.6977
145.0635
143.7449
149.7605
149.0568
145.1117
144.3552
150.3041
146.1693
162.0539
150.5449
146.9312
146.7881
149.094
154.2759
148.1907
147.4189
142.8229
147.1657
148.6956
146.4216
154.5884
153.9184
149.8521
149.5935
143.7576
148.8621
144.9449
144.2005
145.6113
144.1543
147.697
151.0536
145.8933
146.651
156.1408
152.7405
145.0898
149.9052
146.4933
146.6064
155.1162
147.4848
147.5383
149.5352
158.2659
146.8846
146.1064
147.3033
146.9134
157.0887
150.677
155.4752
148.5754
153.1676
147.1564
149.8394
151.6099
145.4738
142.5074
144.199
148.4664
144.2958
145.8317
142.8925
148.3118
160.6664
145.9041
148.931
159.7028
145.0107
145.4373
149.5073
149.0692
146.6705
145.8543
147.7589
147.8547
147.6903
154.0852
151.3763
144.6932
149.6649
149.2892
149.8681
150.404
153.8885
146.2025
167.1855
150.0706
164.2464
146.4864
147.4242
142.9904
147.7245
144.7241
150.1888
146.556
147.2827
160.9205
149.8492
143.6685
146.5324
149.5873
151.5105
146.0646
147.2795
143.4055
147.4584
147.4467
162.3792
151.3399
145.7515
155.7545
143.5805
150.5022
154.3471
151.3631
157.1617
158.5831
142.8003
150.0045
148.6898
143.7102
149.1068
147.9666
148.453
149.7974
145.6638
147.7943
146.3532
146.4179
144.9449
149.2425
146.6948
153.1675
145.5007
151.0034
147.442
146.4016
153.4168
145.4523
148.7926
148.5851
142.8925
146.3868
149.608
147.2632
149.915
147.8524
148.3203
147.7628
147.5972
145.8932
147.0996
147.7131
151.5587
146.8702
147.6504
151.776
146.5677
144.8449
144.3392
153.603
146.5881
148.2691
149.594
147.7965
144.6069
152.7774
144.683
152.2555
152.0831
151.9576
159.1789
150.395
160.9973
148.7364
145.986
151.906
147.4289
146.0208
152.1932
149.3409
149.0215
167.59
146.4169
144.9466
149.1297
149.3764
148.8713
149.9427
163.5349
149.4784
145.6585
147.3799
148.3714
144.4494
148.6514
152.197
151.3207
152.4672
147.3727
147.0828
148.5064
154.1306
154.5381
147.0615
147.4174
147.8532
149.3728
149.1611
147.7532
145.9302
145.0843
149.7821
148.5657
164.3778
148.1014
148.9545
150.0528
148.1144
143.8391
145.1475
149.1497
142.606
146.1299
145.3095
150.3387
146.6467
147.3023
157.3492
156.7248
156.1363
150.8923
148.7857
152.1458
151.3339
144.0343
150.9358
150.1033
146.3349
149.8428
148.9888
147.1726
246.3296
148.474
150.6705
144.7781
145.9516
149.2393
145.392
148.6273
144.3384
150.5529
154.7444
150.6363
145.2981
160.6901
146.7918
147.1428
147.4962
147.3107
151.1266
151.5241
145.7993
145.9969
147.2948
150.3712
143.8097
150.7382
149.251
147.6384
146.2371
151.5848
145.9977
149.538
144.6371
148.2162
146.4084
149.6962
154.4418
146.2795
150.1512
143.7449
149.1293
146.321
157.0994
144.8959
145.5514
151.085
146.1093
145.487
164.6869
244.1976
145.1123
145.9467
146.5292
146.4412
149.0545
145.6861
147.7962
155.3215
147.1692
149.2719
150.7683
148.8836
150.5819
149.5432
147.8846
146.5593
147.3965
146.9469
145.7016
146.7635
149.1277
153.8645
147.6692
165.4087
146.7846
145.8286
142.4516
146.4078
146.5481
146.3273
155.8494
148.9445
173.8524
147.6645
147.6944
144.9917
147.7296
144.7614
145.25
143.4899
148.872
145.5917
145.4651
146.687
147.8461
148.8265
150.2565
152.3447
145.7864
149.1118
144.2911
146.7235
142.6486
150.8371
147.4887
147.8936
142.9557
143.8391
148.1339
149.5656
149.4039
147.508
145.9994
145.532
143.4166
145.4689
145.8527
151.5196
145.3283
152.773
142.7651
146.281
154.8638
146.9375
147.0932
146.9741
152.9508
148.0544
146.4257
145.2932
144.941
145.0521
173.1206
146.2861
145.2862
145.0345
145.1624
148.5787
154.6419
148.686
150.7911
153.6069
147.0401
149.2994
145.0416
151.255
145.0861
149.2898
171.2783
145.6963
151.1763
148.4694
145.3275
149.5657
147.0785
144.5801
147.796
149.0036
149.2543
145.4973
147.7418
145.5392
161.8476
146.0412
152.5058
150.0601
144.539
147.3648
146.9696
147.5421
154.8146
147.7571
146.6998
147.2672
148.8976
143.9106
148.2488
146.9095
145.331
146.0685
146.156
150.2262
154.9537
147.2092
143.1449
147.122
148.7763
151.2362
153.5333
146.6393
149.1844
150.8558
153.901
151.3316
148.8131
145.6102
145.8313
147.0218
147.9038
154.0029
147.2213
146.1204
146.6809
146.5021
148.6339
143.7449
148.261
145.0281
146.8079
148.781
153.3791
153.1881
144.1869
147.9642
149.0602
147.6196
152.0641
164.9326
148.1307
148.9597
146.2089
144.8328
148.505
169.2582
144.7904
142.7966
179.0035
145.6767
147.8789
147.1037
146.1327
144.5898
145.8585
149.2933
147.9767
147.3316
151.3001
148.8419
154.1561
148.663
145.6191
144.4966
144.3795
145.8864
151.3702
147.9598
148.4306
149.2787
151.6524
149.1466
157.5567
153.7974
147.132
149.5288
147.5888
150.6616
145.8221
146.7592
144.5078
145.6833
146.9932
144.4755
147.5108
145.091
147.2421
148.5871
148.4002
150.1865
143.0898
150.1645
149.7892
145.9998
149.4373
148.0464
147.018
152.7376
147.6216
145.8864
148.6127
163.6005
144.1517
148.8273
164.6611
146.8011
147.9866
151.4355
152.6118
145.4806
148.3423
148.6861
162.1926
146.6899
151.4114
144.606
151.0818
160.9795
146.064
146.0092
146.8962
145.2974
146.7582
145.8736
150.8494
147.3466
148.3146
144.5457
149.1549
145.2932
147.9927
146.4633
152.0343
147.6866
169.4541
147.4811
148.3682
149.143
151.3352
149.8201
147.2382
149.7411
148.178
144.6671
145.3236
149.4615
146.7633
147.9006
149.1468
148.7015
147.823
145.5638
147.9941
148.4199
145.9559
151.6237
146.7126
146.9131
148.7791
152.57
161.9721
151.4415
149.467
150.7506
145.5972
154.5385
143.9862
152.5829
147.7303
147.7418
157.1846
151.1645
146.0017
148.2922
144.4862
145.9239
144.1195
146.0827
148.6774
143.1074
148.7605
148.6427
144.2232
149.5769
147.9023
146.7229
146.0903
145.3021
147.333
146.451
145.3877
147.5253
172.3771
158.3567
143.8966
144.7557
144.8485
162.6861
143.3999
150.5852
157.3402
147.1885
146.6329
150.8181
142.624
149.2587
147.3078
148.1345
149.3536
146.2416
146.5874
146.1783
156.2182
144.6708
145.1625
144.208
150.182
161.3668
148.4274
151.9039
146.4724
144.0932
163.4567
148.8635
147.6811
156.4354
143.8079
143.3428
147.2837
151.8194
145.8736
146.1121
149.8326
142.7966
145.0894
142.5074
145.4058
149.1862
146.8794
144.8449
149.6818
144.5386
145.5107
147.5031
149.78
147.3311
146.6964
146.2649
145.6682
143.821
166.6954
151.2052
146.9024
148.8804
145.792
146.699
146.3357
151.7972
148.8522
146.2347
155.0862
146.8224
147.2794
151.1861
143.4042
149.1083
148.5912
147.6576
152.1003
142.9557
145.3969
145.2767
146.7455
154.4779
166.2243
147.9025
150.1086
154.2934
151.7994
145.2176
146.9436
149.576
165.9663
145.3093
145.8394
145.5672
143.568
148.7553
145.5989
148.9246
146.9886
148.4563
148.8624
148.3137
148.2237
148.607
148.6927
147.4604
158.1624
148.3473
149.0712
144.3486
146.6677
145.6832
148.6763
149.2169
147.2598
148.7247
146.1209
148.7828
147.2619
148.4908
145.3002
143.9951
153.4215
146.8406
148.4744
147.0933
150.4427
144.8068
152.3539
148.3787
147.913
149.8968
151.204
150.015
147.7068
150.6789
150.3421
147.5761
145.4612
152.2019
153.7387
144.7577
151.8024
150.1112
144.6784
145.004
148.9831
146.9375
151.146
149.5503
144.9329
156.112
145.8932
145.7908
149.0874
143.1704
174.8102
151.2499
144.0483
146.3227
149.7941
143.1538
159.0472
144.3572
147.912
146.3376
147.251
148.0254
147.278
151.3073
145.2557
145.2618
146.2088
147.7035
151.0243
148.9947
150.9056
147.2642
154.6683
173.5997
146.9312
150.5372
155.8467
144.8382
145.8095
151.4545
159.1927
177.1524
146.5518
146.7695
149.7644
164.2013
149.3895
146.669
144.563
145.7744
145.3873
146.6844
144.9134
146.6547
146.8637
148.7007
147.8626
150.5609
144.6709
151.8372
149.3452
146.7783
147.0889
147.066
147.1897
148.2536
143.7449
151.9317
145.99
151.805
151.8965
145.46
150.5556
142.9378
145.3219
152.4433
146.5097
148.7994
146.0659
146.7771
145.5308
148.8871
147.4257
146.4419
146.5803
145.5449
147.0581
147.8664
145.8709
148.5197
149.6757
148.3626
147.2876
171.7463
147.0006
144.8884
145.3772
150.1385
150.5094
152.4038
147.4464
147.6639
150.4516
149.3141
147.044
148.2515
152.8199
148.8889
146.2137
149.4508
154.1166
147.2921
146.4184
146.6263
148.8378
150.6834
146.045
149.9018
154.3288
180.3706
144.3561
155.8722
144.8916
147.9065
155.4728
147.4131
143.3041
144.5401
148.2846
146.7148
145.2661
154.9421
145.6058
145.3598
157.0766
146.814
143.5468
152.0515
148.3159
151.2296
152.2122
146.8941
149.0841
146.2288
144.945
152.6931
146.4247
150.2786
159.0207
143.3966
143.7449
146.1862
147.6603
148.8777
144.7094
144.3654
161.4571
148.6349
149.0281
148.8152
151.8835
150.3239
146.5396
144.6066
143.5969
148.6838
150.2691
147.0007
157.9884
150.4765
148.8373
147.7498
154.3178
156.1118
154.0617
146.1659
147.2439
147.508
156.3129
147.2919
148.4086
149.9695
148.4213
152.7101
147.4505
149.9265
155.7867
146.9746
152.2815
143.7712
152.2026
152.1143
146.6047
161.1711
156.9833
145.1508
146.5588
154.223
148.3951
148.2627
147.1172
148.4793
142.6224
149.2675
144.2911
154.6867
146.8731
143.1837
146.9427
147.2145
146.9995
152.2643
163.6913
148.671
148.2333
146.1815
146.2365
152.7586
147.7061
150.0173
151.4312
147.8269
148.9162
146.0984
150.4614
152.0271
151.2484
153.0342
148.9592
150.6133
147.3371
154.0784
149.8602
154.27
162.2894
147.8973
147.7353
147.0018
148.3208
145.9974
147.3072
149.9576
147.1981
147.1242
151.1756
143.5278
146.8877
161.028
145.2973
146.6203
146.7287
149.7895
149.1899
146.8982
144.4122
146.5702
165.2682
146.0711
146.5898
151.9556
143.8523
147.9932
161.2423
147.2142
146.9058
157.3017
150.6121
150.4181
149.902
145.2463
144.3599
148.9293
181.9221
148.9135
143.4483
145.5589
150.3077
159.32
163.2065
146.1677
145.1322
152.148
146.3932
146.9699
146.8417
150.0674
151.8201
149.5936
145.9035
147.3926
156.7787
144.8869
145.4701
148.8106
146.0958
149.3474
162.8241
147.5062
143.5272
146.745
148.2966
147.5947
145.2419
144.5264
149.5173
145.7187
149.2276
143.1367
158.4517
145.5966
149.1222
153.3991
154.5141
146.0002
150.1941
148.6072
151.1274
144.1483
146.743
146.9932
152.8722
146.103
157.3632
152.9059
146.8687
145.6124
145.7255
152.4837
146.4853
155.1159
154.2771
147.7261
164.589
146.5942
149.2151
148.7464
152.1199
147.7067
148.5942
144.3288
152.4825
145.6136
152.4346
147.7833
144.6494
144.5333
151.4118
144.7701
150.9962
145.1189
148.9065
151.9228
147.7738
153.0592
148.5899
153.9853
144.1483
145.5981
159.165
148.6616
146.6179
145.5845
144.2252
147.3042
145.2689
146.0261
147.6292
148.2505
149.4713
148.6845
148.5629
151.3844
151.5365
147.2514
147.0795
146.0932
144.4486
143.7449
145.1086
142.985
149.363
148.5223
146.4427
145.7452
146.1336
147.6292
155.1662
147.3627
146.4378
147.8492
146.8273
148.7226
147.6569
154.1382
147.0419
146.5864
153.3215
156.8573
148.0633
159.3012
146.1174
144.1455
146.3783
142.9557
152.5474
147.391
144.1969
147.9653
147.0616
149.1448
150.8496
147.6701
146.1476
144.1969
148.5716
146.3015
148.3643
149.5058
163.262
145.9005
151.8215
145.3323
149.6964
150.7776
146.1456
168.4801
148.897
148.7987
145.1125
145.4254
147.2382
145.9486
150.5477
148.491
145.1118
146.2272
146.0998
144.1801
150.4271
148.5262
147.1894
159.2824
148.6596
146.1263
146.631
149.4198
150.1348
154.4262
145.8268
148.0214
160.8397
147.1505
161.9876
155.3665
146.7138
149.1155
147.9888
148.8626
147.4482
157.6375
145.2313
146.2055
144.8625
147.3622
148.8828
147.0004
150.8228
148.2373
144.7209
144.1378
147.8976
145.4138
149.634
145.9001
149.2514
148.3625
147.3589
148.0091
148.4039
142.9557
146.8415
145.9036
148.7431
152.6283
154.002
150.073
144.9385
148.1428
150.4817
160.4526
147.8615
148.5796
145.919
156.9498
148.4432
150.0657
148.5373
148.6619
144.7302
153.3917
157.1784
147.308
149.7718
149.2097
147.8767
145.8738
146.7095
144.9626
147.6049
146.7577
145.4449
148.8283
148.2616
150.2205
154.2762
161.5711
143.304
148.4474
146.2722
145.4058
146.0449
146.4699
143.9795
154.8189
149.3204
145.35
146.1489
148.362
143.8345
146.9453
144.6557
144.5266
144.956
150.1958
145.0391
145.3768
146.7423
142.7966
147.4912
150.0954
150.5762
158.4674
146.2966
147.2743
144.0884
167.4954
149.4194
145.821
145.3829
145.9971
144.4966
148.588
144.1199
147.8292
150.0252
147.0933
142.4516
150.7177
147.5314
148.1832
147.4934
143.9344
148.89
170.7852
145.2566
146.5838
149.1233
145.081
153.5136
147.4382
160.3809
153.1218
150.3401
159.4701
149.8
146.5387
152.0991
145.8353
144.2058
148.2649
146.3243
149.9967
148.9471
144.7022
151.5131
145.8118
149.2011
148.2062
159.1653
152.6244
148.1352
144.7896
151.2645
147.5686
145.2094
143.6509
152.7906
146.888
152.3345
147.0876
150.8358
156.2914
144.7483
149.1783
150.4657
150.7556
149.2581
145.8442
148.0286
167.3167
144.5638
144.7368
146.3881
151.8746
146.5434
152.7783
147.8202
151.586
150.9068
144.3449
168.8922
147.1382
150.951
147.4118
147.3172
148.2888
156.7248
146.0701
144.5591
145.9059
147.6415
145.2933
151.033
146.8403
145.026
152.3244
151.4711
146.9425
149.2054
144.6182
146.6177
149.5028
144.1842
146.6523
142.7874
146.9181
144.4486
147.9735
143.7074
163.0821
154.4383
146.7438
147.9067
147.4821
148.7593
156.5742
145.218
146.2504
150.1426
151.1946
150.3579
161.4392
149.1044
149.5763
206.4734
144.9795
143.92
143.3757
146.6478
146.9933
159.7108
170.0501
145.7359
148.6049
160.43
145.0311
143.4003
144.7827
150.8436
148.9433
145.4973
152.1313
145.3904
148.5671
144.4457
146.9368
144.9721
147.658
150.6935
146.3375
149.5554
145.1073
149.4897
156.1565
146.1693
145.7564
148.7052
150.0174
147.893
147.1995
148.9
144.5773
147.9145
147.0007
149.9869
148.4709
147.2051
149.0616
143.0499
157.6015
148.0481
145.911
146.765
148.8576
152.0812
148.3459
149.0466
152.3486
155.1437
147.4789
147.9569
145.7932
149.5049
151.0329
144.8612
148.4718
144.4345
143.1954
145.4612
146.6548
147.3248
143.8497
149.7377
150.5097
145.7287
145.2343
147.7842
152.7247
146.2437
158.2555
147.4359
148.58
151.9899
150.3239
143.3428
146.1544
145.3563
148.5061
152.3675
152.9022
0
