Q(0.95)w/ Reward Shaping(Time)
898.0426
932.1592
435.5467
723.2115
308.492
468.4506
279.2961
316.8962
367.6697
342.6352
299.4668
221.5142
312.3202
220.8508
375.0413
235.6462
310.1761
211.7948
304.9436
238.8463
332.139
181.1558
204.7438
307.4087
171.8301
298.0432
268.3836
202.038
172.3993
162.3572
179.6228
173.3048
197.9788
168.7205
171.5977
175.2438
362.1507
172.443
170.5544
257.3696
190.5487
168.4139
198.59
172.923
179.5988
157.1831
174.5028
154.8421
158.165
165.5458
168.8206
167.8864
155.348
153.248
157.5195
310.4256
153.8909
163.2024
162.0205
163.9252
162.3191
166.2246
281.813
158.5249
181.8414
171.6432
180.3065
180.7736
152.1835
156.6478
155.4862
165.8171
152.964
161.2193
148.8365
262.1358
152.5926
153.2761
157.0024
153.0087
158.3086
270.5885
191.0219
152.3667
154.9608
155.4888
155.496
165.3677
170.5381
156.2146
153.7187
153.991
170.4274
159.6414
155.8752
163.3159
157.0017
176.8991
232.6074
161.6895
155.5689
149.67
154.4342
158.7021
165.2049
152.6813
162.7261
151.2497
154.7312
154.4078
157.339
158.9736
159.2549
159.2399
155.4482
160.6793
171.1124
166.868
164.4145
162.9318
151.8556
159.2383
161.7589
156.5156
159.6637
155.1269
157.1871
155.7416
157.9002
153.7153
164.7444
163.3089
154.4577
151.149
158.3993
167.8135
165.4875
157.3488
160.3064
162.8657
162.1096
148.6844
152.2278
156.7348
154.7345
155.002
161.5582
156.2811
273.5117
155.3778
156.2844
157.045
154.3011
157.2074
159.2075
157.1878
159.1322
156.9505
159.2899
165.4756
153.6555
151.7571
190.1479
162.1076
155.2609
193.1816
164.606
163.9977
184.4524
152.7417
161.3569
155.9292
161.247
153.8249
156.4163
156.8065
154.1487
150.2237
160.7391
155.6168
154.8138
158.6515
154.6096
151.9301
160.3654
158.4305
160.5092
157.486
158.7671
156.6094
193.8629
158.4724
152.1538
150.607
152.7176
152.8811
156.3498
152.6039
156.6518
157.2503
154.4977
155.346
156.3929
154.6658
158.2201
159.0184
154.3712
154.9136
163.7424
157.3032
152.7219
158.7608
164.6556
158.6214
159.3974
159.246
151.2185
154.223
152.5995
158.5729
157.86
162.9436
156.4285
157.1916
269.4162
152.2276
154.7351
160.4163
154.5605
174.2468
155.8288
150.5183
168.4595
153.7434
154.4135
156.4901
157.0955
154.2167
262.546
157.2545
166.0902
192.4293
148.9322
150.3164
153.3844
158.3626
154.3916
154.0509
154.7132
154.3994
154.6251
155.1218
157.6872
152.4387
154.8258
156.4481
158.3069
158.3508
153.3341
157.25
155.8042
155.9277
158.3027
157.4789
152.9552
153.2077
156.6842
155.675
155.5394
150.6582
165.6708
154.3529
193.2785
156.9662
157.4492
158.3723
156.3004
177.003
153.3751
153.761
155.3327
156.4637
153.6804
157.8326
160.0006
160.9079
160.9889
157.6774
200.4825
164.6172
153.7765
166.5596
159.7015
152.5159
153.1297
152.849
157.4825
162.5875
167.1112
158.2243
153.8895
154.8346
155.7534
154.7932
153.9902
154.8146
154.8808
153.7361
157.2285
175.745
157.3578
166.1584
162.253
151.7711
153.5295
153.9204
159.75
165.138
154.5372
155.6409
153.6225
163.8888
155.919
155.6544
156.6783
150.2936
155.4262
151.0878
155.7586
159.1288
281.8337
159.2894
161.9691
160.0238
147.4379
170.5079
150.186
147.2531
150.1561
155.902
154.5461
144.6819
146.7986
149.2488
149.2786
154.9904
167.4293
159.5759
188.3437
152.4494
162.1737
151.5286
150.8352
153.1282
147.955
152.247
152.3941
182.854
166.7811
157.7075
154.9546
149.235
148.2858
158.6904
156.8183
152.1423
148.363
155.1355
153.2159
155.9246
158.1619
162.0453
154.5016
152.7897
157.5074
154.3087
149.9479
150.9608
155.7679
149.6016
153.8767
151.2294
147.5764
148.8002
154.2468
150.8652
151.3713
151.3732
148.9652
160.8188
151.4453
149.5995
149.9215
151.8209
160.7266
152.9931
163.1831
162.0288
151.0589
149.7544
151.0096
153.9417
147.2657
151.0325
160.4775
153.8052
157.5013
153.7909
148.7606
149.6358
149.5469
150.5625
154.1026
146.8832
148.7498
161.6032
152.5055
144.0822
158.1151
151.0898
149.1957
151.6246
156.6862
149.0769
153.2879
163.71
156.8991
153.0493
152.3774
156.9326
146.9372
152.5937
154.6599
146.0217
152.909
149.9031
150.8723
157.4998
146.2739
167.2507
151.1268
160.5119
152.2226
172.1698
151.6471
151.2872
150.6653
150.3965
152.5271
148.6362
155.3733
151.9384
269.1979
160.6958
156.8961
160.303
148.8089
184.4893
153.3067
153.947
156.4757
160.3881
149.2235
150.6824
154.7817
153.8034
157.6646
153.312
145.7566
153.7306
150.6223
155.8399
149.0047
154.8015
148.0129
148.8814
150.6821
149.9556
153.26
147.9664
164.2917
151.3214
151.3024
157.2977
154.0132
149.1717
149.6427
150.8386
153.3626
150.2692
149.8895
153.8669
150.3202
151.0533
153.9218
161.3125
152.4999
151.6602
149.4307
151.0238
154.4876
158.9549
146.147
155.3049
151.8604
157.2439
160.9459
147.7027
153.744
154.3274
151.9049
152.9659
152.9034
146.0006
155.907
154.6678
156.2684
155.1322
153.7146
153.4798
145.6818
147.0537
151.548
146.6813
150.6985
193.802
150.9346
151.5742
160.5877
153.0337
152.4664
151.7495
150.3828
150.1345
152.3293
149.9271
151.2443
147.6173
149.4523
153.8528
155.4529
154.9714
146.0071
150.3375
156.1751
152.2708
153.0126
151.236
159.4753
154.3559
154.2764
152.6488
149.081
161.5384
149.6253
150.3616
144.4281
146.0878
155.6718
151.0534
151.4125
155.7044
158.3737
152.3388
152.3507
155.234
154.359
146.725
147.4857
152.384
151.2814
154.0804
154.7854
157.7706
153.9911
164.011
149.8214
149.8908
147.2602
248.4734
148.3956
148.4373
159.3636
152.9869
150.37
151.7581
158.361
148.7035
167.5408
147.0113
149.343
149.0398
151.2739
147.6798
150.0745
154.9261
158.539
157.8704
162.3439
154.2663
152.7589
151.1231
145.7017
148.2163
159.2707
158.3802
150.5313
148.4423
165.9849
151.5245
147.0444
162.0407
154.7625
148.6829
149.0828
153.0868
148.8209
146.1601
163.1317
160.2923
147.1037
149.5902
150.4981
151.7692
163.0971
160.3637
151.5782
189.9072
149.6165
153.7783
146.9156
150.5311
152.2814
306.7293
148.1456
148.4007
152.3335
151.1458
150.7432
148.2684
143.6081
153.5101
183.8562
150.4553
159.6005
157.3178
152.2843
155.2511
153.4905
150.117
153.3186
153.424
153.1143
156.289
144.5719
148.7124
147.2792
147.8697
155.749
156.9479
150.274
150.8553
149.3539
157.3046
149.7166
157.5444
147.9074
150.0581
148.2433
155.5988
170.8779
151.2466
156.9229
151.9282
155.6153
160.1113
157.4006
172.6048
153.8335
146.7212
147.64
151.3302
151.5339
149.7512
152.6448
148.2579
154.916
152.8554
144.7344
144.2354
152.3876
151.1546
149.0298
152.0255
147.4335
144.6537
149.2779
149.3758
144.1023
150.5879
148.7082
151.8572
150.0152
146.7735
149.4521
151.4102
151.8746
145.0699
148.9198
152.0083
170.126
149.0007
159.2847
151.8785
145.3339
146.2086
148.6975
150.277
146.3644
160.0455
150.9264
144.8001
150.7227
155.5518
154.793
148.6994
148.8395
153.0676
150.8466
156.7604
145.7852
144.9391
143.8201
143.9607
149.3477
147.2486
151.0819
154.8051
150.7328
158.5371
170.8901
155.1225
145.1125
148.1199
152.8442
151.8212
155.3982
148.4706
150.508
154.0041
146.8783
153.4904
149.0842
152.816
156.1792
152.0281
146.3101
151.7349
149.3261
143.5254
151.2386
142.5121
150.8002
146.0967
151.5404
147.5324
146.6294
148.2118
148.1151
151.4727
163.7887
142.4204
145.4386
154.6711
143.125
145.7534
150.5309
158.9546
148.416
158.8825
153.4528
146.1844
152.5771
155.9723
156.5056
163.1499
151.1443
145.6165
150.8286
147.8271
151.5422
145.2648
153.4572
148.494
147.7524
157.6109
157.5486
150.0384
148.6593
152.2163
149.5333
153.0189
150.9718
154.1381
145.0067
159.0324
156.8805
157.2369
154.3463
267.7423
149.6744
151.3179
149.6738
159.8326
158.8731
148.1206
146.52
147.0143
148.316
145.4023
153.0727
155.9533
153.7839
148.6721
148.3779
143.9389
277.1263
156.5623
147.9119
143.6451
151.3933
149.8061
283.7059
156.2651
164.7855
271.5674
151.7715
147.497
150.7667
149.5007
151.5982
152.243
152.8172
148.6272
183.3903
156.3086
141.7141
142.9542
150.9292
154.6898
148.7443
146.4077
155.8518
155.0055
152.1159
154.838
146.7783
144.9443
155.2622
150.2827
151.8451
145.2137
146.4535
150.552
150.5878
147.0507
149.807
148.3265
157.8535
157.5894
144.6849
145.4029
143.7844
249.94
150.2996
147.9223
153.1004
148.305
150.1061
148.2216
149.9003
173.0406
150.2923
145.7703
148.5898
143.889
149.4355
155.2535
150.479
153.6849
147.7254
152.6885
145.5506
157.5515
145.5805
152.2199
158.1985
156.4233
151.9689
146.6819
150.7505
145.4844
149.3921
146.0472
146.7072
147.4305
151.6771
153.0263
144.0531
152.0947
153.1118
152.3061
152.1562
148.5242
151.1848
158.5925
152.2969
154.2797
147.179
146.7303
146.1333
153.5758
148.4638
146.4225
148.8454
150.4625
152.9715
152.8283
147.1002
148.8349
148.9905
160.4936
145.524
150.5542
146.8218
147.7562
154.3478
150.1854
151.0504
151.4693
146.8375
146.8831
152.7548
147.098
152.6243
151.16
174.553
149.2015
152.3573
153.1831
147.7762
148.2227
149.9403
155.9226
144.1489
149.7216
151.7672
149.6486
150.2396
151.0115
147.3174
149.4552
156.1026
152.1911
146.6001
157.7057
145.986
152.0638
148.1734
148.9922
157.1354
144.7202
145.1817
152.6541
145.9567
148.7898
155.2492
151.6588
148.5998
153.633
150.9312
159.0202
149.4951
160.3007
160.6536
149.4028
148.0994
148.2729
144.1759
155.7704
150.3418
148.0489
153.1218
152.645
149.3254
159.65
144.6962
144.6807
145.5256
157.8941
147.6745
150.6873
147.1611
157.5449
145.0992
150.3568
151.8797
144.5892
147.8187
152.9954
176.8624
147.5987
146.3355
147.178
145.8789
146.6564
146.9317
147.2066
142.9104
154.1905
150.4653
146.41
145.9556
149.402
145.0496
153.5701
153.8239
147.8251
155.6922
153.2061
155.9049
151.8686
141.9488
150.3063
146.8655
146.707
143.8893
146.5309
148.8314
144.34
146.7929
151.1419
152.4582
153.1959
157.5203
150.637
145.5918
152.0572
145.5541
148.6789
146.5064
151.9397
148.5625
151.416
146.2382
150.1515
148.0571
150.365
145.5561
154.3671
149.3794
152.8431
144.3123
145.0531
154.8501
150.3154
152.6245
158.1509
164.4202
145.296
146.4965
148.9121
145.8252
148.2762
146.8829
148.2599
154.792
145.5533
146.9848
150.098
149.8635
146.0636
154.1958
157.3781
166.4429
154.0756
148.924
151.3172
151.5591
147.8898
143.3485
148.8975
146.9683
148.6274
151.7193
145.9578
169.2412
151.8757
146.9776
150.9652
154.1443
147.1278
148.9175
147.2133
149.1567
157.3217
146.2362
143.0862
148.9176
150.7144
171.0657
145.9332
141.8724
146.257
142.3384
154.4317
144.4001
148.1708
153.6485
150.1892
148.5187
143.784
148.9867
148.03
148.0038
153.5271
153.9675
149.6964
150.7292
143.2398
145.6092
154.6943
146.6433
143.3964
147.8468
143.0862
152.7752
148.1215
145.4861
145.6589
153.4401
152.3434
163.0684
149.0813
153.681
145.0343
150.1084
150.5042
142.3541
147.4644
155.8316
142.7757
151.2247
144.6889
145.3497
146.4285
158.4874
144.8573
146.6551
145.7617
145.2751
146.8939
147.9967
145.6318
147.9427
142.9718
147.087
146.2413
147.7533
151.6657
146.5878
149.0712
148.9216
148.5788
145.8386
151.412
152.8636
145.9398
147.2264
151.0233
151.0539
154.2106
143.7232
150.1843
151.446
154.0721
149.2937
149.1097
145.4609
145.5602
147.7175
159.2277
143.5455
150.1308
150.849
144.2315
151.6457
153.4877
146.8035
151.7934
149.3742
146.1198
152.4312
151.7281
142.4199
143.8426
152.0773
148.1881
147.1646
148.1385
142.6852
149.7933
142.1537
157.7928
147.0562
149.7713
151.2981
147.9727
153.6718
150.5778
153.479
148.9534
153.1642
154.5607
148.6572
145.1344
142.0507
144.1482
148.1872
148.5771
143.8275
150.1443
158.4135
149.8567
154.4791
148.7861
150.0576
147.3583
146.1715
160.3689
147.8507
153.9283
145.2867
149.5833
156.3039
145.6015
146.0722
149.9826
145.9987
147.6729
143.4916
159.2951
189.1308
147.611
151.9698
147.2718
144.5932
145.9544
154.1901
148.9081
152.3507
145.5238
153.9665
146.3419
143.7962
143.3433
158.5091
147.383
142.2322
143.5629
157.5487
145.7802
143.7818
146.317
151.1019
155.4349
154.7243
144.3045
155.833
154.6505
146.0875
152.7574
144.2373
153.2638
147.7811
153.2141
146.6892
143.8007
144.8884
144.3386
157.2296
163.7139
157.3275
150.7005
156.4185
163.7735
147.0896
149.6116
149.9987
148.7188
153.66
144.975
146.1191
144.4826
142.805
149.916
153.9946
148.4968
174.1489
147.4194
141.6091
152.6126
158.0275
145.7484
146.4212
150.7682
150.6956
145.3663
146.2828
148.1471
147.7842
157.1847
149.3401
154.0027
145.5802
179.2267
145.9369
149.9812
147.8538
156.4189
143.8086
143.2419
155.6274
143.9007
149.1519
160.0523
145.546
146.7491
152.7385
142.2577
143.8482
145.9924
148.5559
145.7393
149.6068
154.6996
147.6718
148.8508
146.6285
152.1868
162.6886
145.935
154.9506
150.3605
151.1691
143.0836
143.3622
146.48
148.2707
144.9881
143.6094
147.8822
283.415
151.6335
147.3509
144.3784
146.8514
167.2761
142.7
143.3618
149.2032
150.296
147.5426
154.3643
148.4212
152.8169
146.8683
267.5609
145.9979
149.3942
144.61
153.2574
146.1629
153.343
154.5175
143.8003
146.0878
151.4274
142.6309
150.0708
148.7554
153.5304
148.8285
151.9997
154.0191
144.2243
155.1842
148.6673
144.6846
145.543
147.3668
155.5296
152.5454
148.8285
149.7735
150.2298
147.2732
154.0661
151.7784
143.421
159.1792
150.1195
147.3752
148.809
152.2218
153.9824
144.352
148.8685
161.659
146.5415
147.3088
149.9044
147.9109
145.1772
155.0017
144.4867
146.1661
151.1999
151.2554
143.9828
158.6487
144.7844
150.7652
150.6053
146.1034
150.0818
151.0709
141.0999
145.038
146.5777
147.3282
148.8143
161.825
144.1873
145.5946
145.1512
158.4147
142.7387
149.9074
147.7422
145.926
147.1467
149.2178
151.872
149.9188
157.6526
146.5712
150.4944
145.2302
145.123
144.8931
152.4834
146.3703
148.1742
152.484
151.0143
146.1422
146.8585
148.8428
150.2106
143.3834
157.8968
144.9526
152.4645
147.0933
149.1574
150.9683
145.8428
150.7569
152.7736
150.1996
152.3632
142.7847
154.636
153.6406
146.5933
147.5397
148.7504
152.5221
152.5271
154.0783
151.4453
145.0016
153.8048
148.5604
144.4159
149.4617
150.734
150.568
148.252
144.4874
154.8706
144.5468
151.9881
154.7389
153.2164
147.3703
144.6571
173.734
141.929
147.82
154.7239
142.5227
157.6817
147.7831
163.9543
154.778
148.6079
144.5581
150.6795
148.49
149.4627
157.9396
153.3315
147.2808
148.6465
145.9122
143.1364
147.9414
151.4867
145.3309
153.9616
149.7014
147.5403
147.269
142.5261
147.8251
153.1626
146.3526
148.4929
150.8356
147.9465
145.7749
148.3919
142.0507
148.3591
145.5605
147.2915
143.4432
145.033
144.3519
146.7742
147.1572
149.713
155.7604
145.5563
148.4782
146.7057
143.5668
154.4179
142.5319
285.4316
148.0315
144.7401
144.0415
143.6066
163.2954
146.9963
148.7798
144.5001
154.494
151.3291
148.6026
147.1592
147.6283
149.9237
147.8914
148.0485
155.8486
147.3006
144.0154
152.9152
149.5207
151.3522
144.187
143.5945
143.1458
147.4796
142.2577
146.2633
160.8576
148.5565
145.4284
149.9795
157.1926
145.4199
144.7006
149.9201
145.2624
143.9382
147.9422
149.7329
149.1772
146.4468
152.7664
144.5522
151.561
164.5175
145.6916
148.4983
150.3883
147.5971
149.2632
143.9484
145.9785
144.9079
147.2765
147.2232
142.9731
144.775
147.7362
149.9473
143.2334
150.453
149.3204
158.9539
144.6234
149.5973
149.3288
145.165
143.8715
146.7501
143.5268
146.1213
147.7102
149.9429
142.4361
143.8896
144.7682
143.9956
143.377
148.4746
148.6341
151.4677
149.083
156.4921
148.2001
148.729
159.4304
154.3792
146.7196
148.6152
155.4981
147.2456
152.0842
150.2253
141.616
149.8761
144.5969
150.0653
146.4713
144.8428
142.6215
144.2942
148.0964
142.7707
152.5098
153.469
143.6499
152.4445
153.0555
142.925
155.7089
158.1621
151.4065
150.2774
152.4111
150.3469
160.6762
148.1107
159.8583
141.954
147.8535
145.3702
152.2001
147.3939
152.144
148.1194
148.1274
148.694
144.7023
151.6169
155.8936
146.3607
146.7012
149.4704
150.6999
146.2651
142.4712
146.8205
148.7437
148.6799
148.0986
148.5462
147.6637
144.8033
150.9129
151.1247
157.283
142.5168
147.8333
146.7984
155.0432
181.4273
149.2819
145.385
145.4185
157.1635
147.4967
148.5905
153.4928
143.9939
146.2901
154.975
147.2303
155.2403
149.8603
154.7585
149.2018
151.1743
151.8514
147.4671
145.6281
142.3867
151.2938
147.4381
154.5273
153.4006
148.6001
144.6117
141.3372
147.2051
143.3263
142.2531
146.4691
147.5357
147.6957
147.5302
153.0862
150.8738
148.2062
147.113
271.292
150.1638
152.6507
151.9159
162.9022
149.2153
150.6951
147.9411
160.9277
144.8089
146.9594
145.296
151.1432
143.6326
154.1636
142.8731
147.8767
146.4295
147.1236
160.4175
153.8646
145.435
144.5574
148.6162
153.0362
151.5349
143.1947
152.2692
161.1967
156.3188
150.0676
156.8538
153.964
196.3949
143.8567
148.5133
147.8914
145.3138
143.5782
147.1052
146.2221
149.1297
144.5489
144.128
150.0749
143.8496
149.2543
148.4945
150.6589
144.387
147.0625
147.666
144.756
153.4737
148.3938
146.3758
146.0987
145.7146
146.8004
148.8001
153.8242
150.8727
154.3352
150.7933
158.1726
148.9983
150.3505
148.1113
147.7293
147.0033
148.5645
149.5571
148.5573
159.0828
147.0931
147.8226
150.055
149.2839
147.4787
144.5055
146.4917
151.8761
146.9158
154.4941
148.9942
145.0475
156.688
151.0171
147.0476
146.3842
147.1263
151.3601
148.7298
145.64
142.5609
148.8733
143.5891
148.8968
149.2261
148.0283
145.3127
147.1567
150.2781
147.8911
149.5837
142.3739
155.4982
141.7807
154.513
145.1683
145.6156
146.1079
148.7226
145.9483
145.4629
144.3811
153.4916
145.7517
152.3481
150.4175
149.9992
145.5614
144.8434
154.8936
150.0532
142.523
153.4072
155.2304
147.3367
151.4684
147.9717
146.636
143.1142
151.5159
144.581
147.9784
155.9939
143.5533
146.5906
145.9999
149.249
143.7117
150.405
145.8032
142.4724
143.9175
151.2035
148.1506
151.6681
147.3579
150.2865
145.8352
143.0098
148.6528
145.5776
147.149
146.6705
147.1876
147.1997
152.2746
144.1123
145.6735
147.8966
145.7038
147.9004
161.4861
146.3747
146.9709
149.4264
144.7706
150.7806
144.9899
147.7245
147.5666
143.5577
151.2046
146.7194
153.6144
147.3487
148.1835
145.939
148.3233
159.9413
145.2771
145.9069
159.0422
151.1095
146.0206
146.3258
153.5823
146.6642
142.6446
163.3958
149.0157
148.3724
154.591
147.7649
149.2642
152.301
150.6939
148.898
146.8037
145.7087
144.0589
155.1061
157.1459
151.5701
145.4445
149.0563
146.5118
146.0726
154.1289
148.4151
146.7286
143.9192
146.5514
145.183
144.5894
142.7359
153.1106
145.154
148.5126
147.6812
146.0101
145.9385
147.1589
148.2597
149.6745
152.2058
150.2097
145.8491
145.7792
148.0479
140.914
150.4382
153.8752
144.9725
145.7065
150.6449
150.8867
149.3078
146.9686
153.2832
146.6787
147.0397
145.6015
148.8868
141.6923
144.6862
154.1668
150.7147
146.5154
145.7044
143.9346
144.6689
151.3921
149.7086
146.5338
148.4018
148.4781
144.7541
149.5254
146.5802
151.3962
150.4979
148.2899
150.2419
151.8699
145.7152
142.4703
142.8639
144.6004
145.4671
151.0651
145.6811
152.3589
147.1746
143.5064
145.8246
156.8156
145.1161
146.4985
143.7529
141.4449
146.7832
145.5257
150.9539
145.4641
146.641
158.0768
146.5019
150.8096
145.0558
153.7737
147.964
146.8655
149.1213
149.9567
146.8961
146.2204
149.3416
151.7394
149.5642
147.9295
150.5799
148.9517
150.8852
140.7713
148.3248
144.7623
144.8661
150.0667
147.267
145.7005
144.0965
147.1289
147.4042
143.6598
150.9563
151.2459
174.3687
147.3396
159.827
143.3755
143.6749
146.6128
143.312
144.6101
147.1542
147.5063
148.5625
148.2926
147.842
148.5703
143.6861
143.3069
148.9499
150.5533
142.9761
146.3106
150.0843
151.6894
144.8042
150.8123
154.9262
144.5778
145.3577
145.0946
143.8123
146.5381
144.9009
155.659
151.0155
148.1483
147.5406
145.5013
152.8811
146.6343
149.4431
144.4036
149.8749
151.306
149.98
148.2907
144.7841
146.5044
143.4691
147.8236
152.1979
148.3995
148.269
145.934
142.2882
146.232
144.0183
154.9189
147.0788
144.5965
145.0509
144.6003
146.4802
149.9608
148.6147
147.856
145.547
145.7719
158.9914
165.6877
145.6958
150.569
147.9855
143.4285
149.1976
149.9413
145.8107
148.1522
147.8918
153.3669
149.8505
157.4136
149.9769
147.5676
149.6383
144.6734
145.9887
148.0481
148.2825
153.2411
153.1109
145.2968
158.9832
151.6314
151.8227
145.0944
146.341
161.1424
146.1741
150.5022
158.2232
147.5424
143.1059
150.8095
151.5675
143.4154
149.4778
146.8975
147.5036
145.2543
146.2258
148.0682
145.5696
153.7978
148.2561
146.8468
151.8214
144.7774
147.5879
147.8855
146.7046
150.3957
144.7118
144.835
144.2978
145.5257
144.4605
150.0542
146.8634
143.7932
146.0406
144.0318
150.2797
153.2116
145.5215
142.2232
147.295
142.9209
145.1468
152.8439
147.6471
146.115
144.2198
147.4026
146.1859
144.3103
148.6312
146.2935
150.9438
143.9229
149.7926
143.7065
146.2637
152.8928
146.3087
149.0916
147.9198
147.3578
155.1713
146.8833
149.8987
149.746
150.2335
145.1051
145.6512
146.8471
146.8467
147.0721
150.9225
149.2071
146.1568
148.2912
142.5882
148.4546
149.9741
146.9689
144.4778
145.0063
142.6598
145.9182
145.0636
163.7528
145.4098
144.0081
145.4228
146.2169
150.7552
145.8235
142.4953
148.9492
149.7815
143.5065
144.8263
145.4429
155.3217
142.7843
154.6262
149.9043
149.2911
148.4365
143.6117
149.2848
143.6003
144.7678
146.1097
150.9693
146.3587
142.7932
151.2572
142.7103
150.2454
151.2598
148.3961
156.7354
147.9202
148.8259
145.6732
147.8219
149.9471
146.5608
146.2942
147.1043
150.3391
147.2977
152.3747
148.5512
145.5518
148.3438
155.3367
146.9202
151.0858
149.3205
150.5455
144.8694
149.9047
147.7895
143.1118
152.2922
145.6012
145.4067
157.2756
158.8081
149.8096
147.2214
150.2647
148.2523
146.1402
144.8186
145.6826
146.9907
154.0601
148.7904
152.4117
147.0434
148.6245
145.8365
158.5311
145.4407
149.3994
142.0969
158.9485
160.4712
148.6581
150.6317
150.3932
147.0267
146.1333
144.7064
148.1473
145.2579
147.6733
148.1599
147.4389
155.7671
143.4349
147.4756
150.877
144.6298
143.9211
156.0376
144.416
147.1799
146.7076
146.6481
152.277
143.9425
149.7893
148.9082
148.6135
145.0476
150.3243
148.333
148.3401
142.0717
142.7053
150.2689
144.0737
145.1227
149.158
150.0074
149.2263
145.344
145.2378
147.5356
142.9225
150.2273
143.5072
149.9385
150.2102
146.2045
147.0771
149.5702
149.3494
147.8763
143.8288
145.8977
152.2563
151.1782
151.2887
148.994
145.9272
143.3317
150.0013
147.221
147.4116
149.8241
152.21
145.4764
143.4868
148.9233
145.9657
149.1937
146.1699
145.5024
148.1988
146.3034
150.939
151.9505
165.9832
147.1806
145.8725
146.6014
142.1281
145.2093
146.8354
153.5586
150.4477
149.956
153.9608
148.2621
145.6886
146.6929
153.7796
161.9348
146.9525
151.0113
143.4862
147.4826
149.2255
146.9179
145.2634
147.7391
290.9663
145.0091
147.5271
145.8578
145.7314
143.9736
149.0867
150.531
147.9356
144.4553
150.1955
145.9469
144.7225
146.7271
143.1528
154.8461
153.8812
150.129
145.2105
146.8227
145.8702
144.6087
147.5549
145.2527
160.2014
144.6512
147.2485
149.2179
157.0833
149.5141
145.0046
150.7157
144.5137
145.6293
151.3755
146.2225
141.6057
150.9727
149.9437
144.916
146.9667
151.2957
147.4447
143.8979
143.995
145.2372
152.5008
142.3014
147.7009
145.0862
146.3682
151.6068
146.1964
145.3636
142.5966
145.4075
141.6057
156.5237
145.0907
149.369
148.8562
147.7785
149.3145
148.7281
146.4875
145.0506
160.5159
143.344
147.8441
151.6626
144.396
141.8569
143.9262
152.9179
149.3156
144.9894
154.0242
145.3961
146.2716
152.4234
148.0469
148.807
152.6182
154.1075
146.4003
145.8558
142.7945
147.8697
151.4757
146.7943
143.3439
143.5169
151.6318
148.2617
152.0763
145.8724
150.6996
152.4379
145.0491
151.226
151.1584
146.248
148.3705
147.6924
152.7814
155.2419
154.5395
160.9289
145.5857
143.4063
144.279
146.9891
147.6539
147.173
144.5601
148.0324
146.101
147.1157
146.5569
149.0477
149.8691
148.1927
149.052
147.0969
154.4488
149.1688
143.4117
146.7281
147.5729
156.0751
149.5344
144.8353
146.8795
148.0973
152.1514
153.9257
145.6978
148.9078
149.456
147.3945
147.6918
154.2764
145.8051
147.2607
142.8576
142.9047
148.7885
150.0696
145.9096
149.3589
148.1461
144.2597
147.1164
145.5921
155.0545
143.2307
148.0945
147.7348
149.5711
146.0128
143.5024
143.6495
150.799
145.661
152.5312
144.6532
147.7431
143.5499
145.1826
145.3995
155.5063
146.957
153.157
146.8577
148.8609
147.7422
146.2573
141.6057
147.363
143.994
147.0411
158.3365
144.7732
145.0013
148.2625
148.5352
144.6793
148.135
142.7634
147.1798
153.9381
144.8209
148.2424
145.3607
145.5045
145.6241
144.8923
148.1793
156.396
145.8466
146.7135
146.3499
152.0768
146.2242
145.8964
146.5885
153.1717
144.9706
143.0827
143.4492
147.1806
150.0087
148.2255
145.4972
149.3943
146.5292
153.4902
148.4083
151.0224
156.0405
142.2157
150.4532
146.8983
152.0368
145.9086
146.6329
154.7068
146.0175
146.4488
141.9401
147.2016
144.7209
146.7119
149.3911
146.3003
146.7988
151.7624
142.7291
147.2679
150.0269
142.7634
145.6519
146.7795
146.6164
145.26
145.2893
147.6072
149.1488
145.9798
145.6715
142.4598
147.5765
155.4788
149.7831
157.0243
147.1755
143.9253
145.6085
149.9249
144.0725
143.5735
150.1384
147.3722
147.4023
146.1736
150.4237
146.5456
147.5458
151.7151
165.4389
144.2926
144.9649
158.2154
143.7213
149.6151
146.4812
144.676
151.4894
155.0548
144.3773
152.5809
151.9252
145.2257
147.0647
146.8898
146.8577
151.9068
146.4562
149.3435
153.0874
147.0655
146.3929
143.3555
143.8285
148.2045
142.302
149.2931
148.719
142.2292
152.3845
154.8908
142.5565
145.8087
154.4447
147.6805
149.1969
158.0789
145.9254
148.5321
144.0621
150.6657
149.7354
143.7669
144.0206
148.269
144.4989
150.7639
145.7011
145.0232
148.3846
143.5138
142.3359
148.1895
144.3351
151.6729
150.8002
143.0426
143.9848
165.4067
148.6474
145.6176
148.2595
146.6586
150.6129
149.7033
148.2622
154.0023
144.4204
149.7622
143.9398
146.5367
149.041
143.4577
143.3503
146.1373
148.9986
147.845
153.0927
147.8067
155.5067
163.9759
149.1974
145.9031
142.1122
143.3488
149.8825
142.8955
166.736
146.6633
149.334
149.8571
144.2957
147.6252
143.7557
144.8659
144.7905
152.4814
153.0924
147.3395
151.5259
143.8817
142.9014
146.3523
146.5483
147.2471
142.7332
151.4608
151.1609
147.8464
151.632
143.3882
145.5558
146.9869
145.0219
154.8602
146.8319
143.8877
153.7583
144.8727
149.2719
146.7356
146.5738
147.2882
147.3142
154.4841
157.5204
152.2907
146.2871
151.0651
143.9502
146.1728
148.7619
147.1248
148.5228
149.2182
146.4676
145.3208
150.7924
152.5208
148.7827
147.0301
148.1219
147.0023
147.5143
145.4238
148.58
148.4992
148.1588
149.6156
153.6759
153.7437
147.224
147.7218
146.267
152.6869
145.1974
150.8355
147.5447
143.942
143.1616
155.8195
157.3629
145.037
148.5013
146.0102
146.7864
142.9072
145.7314
149.3874
155.893
142.7749
151.9387
146.8132
148.0471
148.3184
148.4373
145.5253
161.4837
151.7634
157.2958
143.7534
153.9906
148.9744
150.6155
149.9418
146.5831
147.0912
148.8417
154.3067
152.3098
149.7821
146.8775
143.4898
146.1854
144.4491
148.5206
147.2338
146.5181
149.7537
146.8853
147.0312
151.9192
153.7142
160.0086
141.6962
149.2461
152.6303
146.1173
148.7137
148.0814
144.0022
145.9523
142.329
155.8809
142.7353
145.6308
147.2229
147.6767
147.761
153.1815
143.4798
145.7307
146.6337
143.2926
150.7472
145.1186
146.6162
146.0564
148.7409
142.1634
145.1228
145.6578
150.1755
148.3067
146.5577
147.5599
148.0861
144.7266
145.5602
148.3732
142.9727
146.7253
145.5505
142.7619
148.3891
150.1034
151.0577
143.5082
149.8834
149.1978
145.8577
148.4376
150.8015
148.4899
155.402
152.5658
148.1162
144.8137
147.2049
148.8309
142.6442
144.3257
154.6163
153.4182
147.4049
143.6267
146.696
144.5913
143.1603
143.9855
149.6328
143.9634
147.3821
145.5756
147.7386
151.0145
152.7731
151.9334
153.3436
149.0758
158.6877
154.7251
145.2722
154.3003
143.0347
152.3729
152.9615
146.452
148.1265
153.5988
154.2962
157.7216
147.0226
147.4707
143.7117
151.9459
151.4405
145.9764
0
