Q(0.3)w/ Reward Shaping(Time)
894.0003
1006.0213
353.6877
606.9578
285.6203
348.1557
550.8347
545.9264
261.8033
363.3817
382.9888
235.8408
355.4982
281.9518
593.4394
399.7873
410.5333
231.4065
216.0845
201.4514
185.4235
342.9832
307.9818
230.4007
660.9407
235.9438
443.0917
282.0123
242.9692
199.4101
197.7464
176.2234
240.5157
197.9724
174.3824
302.8504
178.0348
293.8738
231.8804
221.7496
181.2909
191.1904
197.7362
225.1745
318.5531
188.0659
189.4844
322.4755
202.0469
217.0108
227.1462
214.3894
351.6718
183.463
329.556
223.8654
284.2849
440.696
187.4096
205.7246
212.018
245.4592
315.0982
186.7492
184.4186
210.9591
321.0406
216.6646
179.0188
191.4924
350.4614
260.1765
188.7267
331.9127
234.0213
203.2722
209.0158
434.2936
198.2107
213.295
244.0672
177.6151
227.9516
193.1069
197.6542
307.1009
249.1927
181.3886
201.5148
189.5898
210.7938
232.9381
213.591
202.5106
206.7508
188.8105
201.0497
221.7913
229.2599
251.5759
199.6949
337.3342
195.3965
210.6941
193.1373
198.6754
184.9579
195.9263
183.6902
182.3279
222.5519
205.8752
201.4249
199.7103
200.3581
201.0382
185.5012
190.585
204.1893
216.7867
203.1935
188.4692
225.3233
185.3023
187.4801
208.2019
201.6036
293.3349
192.5462
193.3222
216.5604
331.5235
251.2223
463.2898
183.9532
199.2269
195.6234
237.6736
341.0894
181.1066
186.5638
177.0208
216.9618
188.8639
330.1136
189.811
173.2333
423.6471
371.3619
190.7762
232.5175
189.8484
192.7204
184.0922
233.4749
369.2058
329.2324
179.8577
184.5587
183.5182
254.2153
211.4481
178.0401
261.3177
189.1981
229.6123
176.5114
175.8198
208.333
222.4229
205.6904
222.891
248.0515
197.9546
330.2983
208.2619
187.2691
200.1905
183.4428
286.705
205.3196
191.8233
201.4512
200.3658
203.7826
195.0233
199.8263
192.1761
192.6653
187.813
186.7176
182.7887
207.2301
178.3273
216.5537
184.2929
208.4104
175.3477
204.9644
215.5866
221.3667
189.8604
177.6781
222.8918
180.7043
204.2765
188.8632
235.11
173.0697
181.5695
223.8497
188.569
167.6225
176.0401
196.8364
196.3363
195.294
166.4769
305.3739
211.8296
175.6799
176.2328
217.4687
183.3357
203.7878
189.779
193.3272
180.1507
169.7975
228.493
197.0801
192.5524
179.9211
191.6106
199.4943
179.2001
185.4916
197.669
237.1033
311.5813
218.2102
174.99
212.6885
175.5927
180.4103
176.9362
261.7436
223.2956
171.1347
324.4078
184.9648
194.9844
185.9313
197.5425
176.7333
174.9034
178.2432
186.6969
169.3006
220.7164
346.3188
199.4721
177.6992
192.5386
318.3238
182.1197
173.6425
176.3408
161.1263
187.4497
176.6363
165.9442
221.1266
179.8426
182.2267
195.5611
188.7863
164.8706
180.8594
168.6865
153.8878
187.4935
148.4296
251.7601
477.7537
157.1602
186.9823
204.4609
159.2528
172.8629
171.4832
169.6391
172.8872
173.6687
150.8599
181.7022
159.6087
164.6433
172.6941
167.9974
153.8504
154.6967
308.1715
157.0969
160.0002
158.9732
170.6544
151.0311
156.1602
152.7826
150.7424
148.7107
170.4178
159.3047
156.4516
151.6785
164.637
154.921
148.902
184.7046
151.8446
149.4764
148.0761
152.8909
162.7549
154.2045
147.8437
153.2125
147.0644
159.0383
153.5131
149.1393
149.7498
175.0863
148.1179
148.4297
149.2108
153.7363
171.4487
149.6865
149.4648
154.0364
148.8578
154.1668
157.1408
147.8538
152.1234
158.8819
155.6144
149.4154
153.2443
150.5754
148.5819
149.1375
148.099
162.6721
147.6276
148.3715
146.7498
158.5994
150.4189
148.7022
148.1524
151.0616
148.5938
151.2844
150.4823
146.8327
161.123
149.6991
148.3656
149.7105
155.0818
149.4467
150.1536
153.4023
152.788
153.0005
154.6451
152.5479
146.9216
148.9004
146.9873
162.5787
145.3652
151.3583
146.0851
149.8057
161.8498
147.2785
148.6455
149.0065
163.0754
159.5732
151.2208
153.8868
150.265
157.5545
307.2342
151.0831
151.8069
154.2165
152.1049
153.1267
148.4145
156.2004
147.72
148.5368
173.7133
149.4467
145.4808
177.2862
157.7678
150.0685
147.434
151.2382
148.8211
151.7162
151.6984
160.7449
151.5979
147.8362
151.0548
152.2466
146.2882
147.0016
167.5787
152.7366
153.5607
197.9032
146.5682
147.8441
151.1514
159.7151
147.341
155.3797
155.8467
150.2061
151.2157
151.5354
146.309
146.1815
149.2916
150.9239
150.1554
152.6282
153.313
152.9062
148.8948
148.1909
155.7434
149.3105
149.1664
150.5718
149.4389
149.4448
153.8305
147.0705
146.6106
150.1025
150.1601
157.2356
150.1233
147.9238
148.0047
163.621
149.9004
152.7814
147.5996
153.7729
160.7139
146.7429
152.1009
150.8934
160.5957
150.8681
147.5586
147.7429
153.4771
144.7281
153.921
151.1124
149.0662
163.8883
147.1388
154.274
151.8456
160.491
153.1963
145.4298
146.8033
148.8087
149.561
154.7877
146.4782
155.2069
149.0575
146.7405
153.6932
147.1387
149.7376
150.092
151.2519
151.2602
148.4655
145.2321
150.7709
158.2497
148.9102
150.6279
158.1114
154.7327
152.0226
147.3534
148.2073
148.4101
147.1826
149.325
150.7291
146.4054
150.7142
148.7145
148.4346
149.4137
151.0739
147.3831
154.0202
150.8277
147.5698
149.2102
151.4238
154.8204
155.3771
152.4659
150.8312
152.3585
143.7795
148.4467
148.2635
160.0894
147.3328
148.2836
150.0977
150.597
153.4453
149.2679
149.7395
155.687
148.0641
147.373
151.5652
150.2548
147.4002
161.9867
151.2515
152.5131
151.6732
145.2965
149.5442
148.2894
148.3827
144.7324
159.6989
147.0713
149.4267
147.6111
148.9987
156.1333
149.2452
154.2293
148.1346
151.5152
149.4569
149.5725
150.4765
153.7638
153.5064
158.9681
152.7324
151.2074
152.4008
151.5492
148.4442
150.4642
152.4808
147.9422
152.1041
157.3355
147.775
158.1499
157.4919
150.7022
152.8948
149.6849
150.3937
149.3346
148.9173
147.2406
151.3955
162.0492
152.8734
158.1505
152.3583
153.1007
153.6748
150.505
147.7526
151.5129
152.4262
150.3419
146.7918
152.4109
149.0882
154.6549
148.384
150.9322
150.5386
148.866
153.6001
148.0346
148.1785
152.0704
151.7392
146.6139
158.5689
148.2249
147.9566
149.7192
148.6758
148.6013
147.9564
147.4782
147.2051
152.0688
149.4349
171.7575
147.3522
146.878
154.2376
146.3365
149.7508
152.3375
150.9866
152.4172
150.4596
149.218
150.7291
148.5638
151.3694
152.3238
147.7298
151.2216
150.6537
146.1988
149.119
154.3929
147.4112
148.711
149.3125
162.4736
152.7999
147.1406
152.1531
148.2768
150.8057
149.6485
157.2645
146.9627
166.303
149.0436
145.3121
155.6661
149.5745
157.9464
155.1744
149.2395
150.2456
156.7844
146.467
151.5927
150.535
148.627
147.6735
149.5913
150.3225
151.7065
153.0707
149.3913
150.0843
152.8571
148.8577
149.9102
149.4519
155.1006
146.611
151.0918
150.4351
147.0393
148.5751
151.2826
145.7593
153.912
149.5892
149.2822
149.9318
155.2894
149.8913
149.1815
150.5521
146.1117
153.0814
148.0196
154.2471
151.2874
151.3324
163.3868
147.6711
146.9281
157.5661
151.9323
149.8235
151.7381
149.2832
151.1127
150.2735
149.9799
145.743
148.7434
149.6072
149.6197
150.3086
153.4748
150.1137
156.1202
150.5057
150.0716
147.5849
150.0451
148.9157
149.309
150.5631
153.8774
146.2413
148.1714
148.8057
150.2002
148.3365
150.6302
149.2575
171.5359
147.0279
149.5732
150.2771
147.3194
148.1326
149.3398
148.355
155.2868
151.3449
161.8287
147.8551
147.8094
163.7014
149.2933
146.654
154.2502
157.3576
148.1023
152.4714
148.1187
147.1835
159.6346
150.476
150.9409
148.7081
148.7466
150.6995
149.823
156.0484
146.1021
156.3146
150.3205
152.6274
146.179
150.5008
161.6108
150.3782
146.903
155.3692
145.718
150.3981
146.7227
150.2798
148.0775
147.3144
150.2686
149.9365
152.4708
147.925
150.9322
154.8175
150.1132
153.0574
147.8941
148.9587
149.3978
159.2816
156.2046
150.6171
153.7171
167.4143
152.2075
154.4485
156.6308
147.9397
145.5508
145.0764
149.2002
149.337
157.3036
149.6018
152.184
148.8949
149.2517
149.0551
158.5162
145.2383
144.6082
151.2364
146.589
154.1769
148.1537
153.541
148.7848
151.5043
152.5257
152.7721
160.2014
148.4386
153.1123
148.7106
155.0438
146.8577
146.0462
153.5727
145.6332
148.1134
145.9711
145.1929
187.8321
147.5319
158.0838
145.6493
147.116
143.7769
144.7507
151.0919
150.1223
145.7926
150.4546
150.6743
156.6115
150.4728
149.5856
148.2407
147.2246
147.3231
146.1713
148.2865
143.9582
144.6056
148.3181
145.3038
147.391
146.55
149.1435
147.6017
145.6972
155.4087
145.5248
147.6271
144.4721
146.2271
152.8743
149.6994
147.3444
172.8058
144.1663
145.2068
147.1385
144.5813
148.536
156.8845
148.4179
148.2999
147.9399
145.8502
150.8716
146.0674
148.095
147.8686
153.9668
146.0049
150.2315
148.5089
147.854
149.0584
150.6156
146.6119
149.7059
144.9491
152.685
147.7577
146.343
147.1538
148.857
148.4037
147.1327
149.0734
144.8009
147.4206
152.2016
148.511
147.6436
148.2871
149.1327
152.2552
147.2221
146.0791
152.0183
151.9119
143.072
142.9178
147.941
147.9273
149.699
147.3058
151.1116
148.2615
150.2595
145.7752
143.68
148.2465
145.1627
149.2346
147.3798
148.0048
146.8874
149.2922
150.5226
147.754
153.1808
158.4813
148.8882
158.2104
145.4985
150.43
150.5464
145.6296
144.8346
151.8014
149.169
150.9576
144.4572
151.3433
144.6152
153.0102
148.9281
148.0731
148.1989
155.4545
149.8284
147.0055
153.8504
148.8004
154.1991
149.6416
151.768
146.1789
156.4568
142.9088
149.1112
146.9331
148.249
147.3084
147.2148
152.1558
156.7497
151.0092
146.3307
152.6002
161.9232
146.6268
145.2878
147.7517
149.3068
144.9554
149.7762
148.927
150.2227
151.1766
144.2345
148.5811
149.3547
147.3733
149.1416
147.8868
156.0329
159.0419
151.6482
145.5045
146.3763
153.4108
151.6504
150.4303
146.0539
145.4951
147.8204
148.0355
156.8787
151.0513
146.1715
149.0034
151.9792
147.4903
145.4699
146.918
145.9325
147.914
148.6407
148.8841
147.9246
156.2805
316.7311
146.0487
146.831
148.1362
145.076
150.1039
147.6328
146.9187
154.8408
146.9277
147.8297
148.2102
149.1696
147.6852
145.2462
146.3096
145.3479
149.2858
170.0121
152.311
143.9335
149.3076
150.807
145.3988
146.0978
143.5562
148.222
145.9501
150.8642
145.4226
148.2379
144.1805
146.7194
143.8338
148.8013
150.3422
154.7886
146.8736
147.8314
148.1459
145.5078
146.1406
152.1177
144.7562
148.3113
158.9215
147.7329
156.347
147.7015
144.1088
153.6434
145.1023
146.1003
146.3094
145.5394
152.6061
142.9088
149.6468
159.5742
144.7135
147.7966
153.695
147.5394
147.0443
153.3419
146.0968
144.9737
148.2337
157.7641
155.5186
147.3325
147.3245
149.043
146.2313
146.2515
144.0746
149.8743
145.3834
146.9801
149.5649
150.4788
147.4577
146.7308
145.1721
145.2077
148.4662
143.7054
147.3024
146.3922
151.268
148.2205
146.1153
154.2065
149.7764
147.4367
152.4017
154.7889
148.2105
149.515
147.7919
151.7956
147.0275
146.1298
145.9456
156.7813
148.1951
144.7626
149.0171
156.7256
151.5577
144.116
146.0713
149.7192
145.0889
146.7297
147.8552
146.0586
144.7661
148.0796
152.7662
160.2586
148.8974
145.2637
146.4207
148.906
146.7903
148.1123
143.8157
152.2499
150.6236
144.8538
155.1031
145.4899
149.2575
144.0655
146.0206
146.4464
148.7194
148.655
146.3751
144.8074
148.7797
146.3816
149.1116
153.315
154.8256
148.5178
146.8542
145.0073
149.5394
145.9793
150.6398
146.4822
148.7159
148.0623
147.6534
145.3935
145.0744
148.3059
148.5264
154.6017
149.4038
152.1456
155.5517
146.2391
149.111
151.145
147.4969
146.4081
146.7992
144.7765
146.6859
151.9483
153.2327
144.2745
145.1462
150.545
156.9158
155.2476
146.6465
148.4547
144.3392
143.3764
145.221
143.229
145.5611
147.1347
147.9589
145.3374
160.3955
145.7984
151.3957
146.8408
148.0862
153.818
146.5172
145.7948
147.9945
147.6001
144.4818
145.9971
145.7938
148.7956
147.9012
147.4775
147.619
149.338
148.9841
148.2441
146.6717
154.9892
149.0963
150.4173
144.7773
149.8906
151.9597
148.1567
154.6068
147.6895
155.9142
146.4885
150.6242
146.1693
154.2031
143.4665
142.5919
152.5256
149.6385
153.5949
148.6662
146.9885
147.3219
150.2476
146.4106
147.9941
145.6503
148.0256
147.3882
148.9625
149.9362
145.8151
148.4334
152.7001
152.3588
150.0882
149.2978
146.3815
150.2758
154.2376
148.6278
150.708
148.2019
157.0671
146.6519
147.7436
159.8385
152.2072
143.8302
147.6901
150.2107
145.3938
144.806
147.3044
147.6054
146.5246
147.6764
144.4337
148.8723
144.7762
148.1791
149.8465
149.7837
146.164
148.32
150.6888
145.3353
147.9279
152.6921
154.7603
145.2622
152.3155
147.9777
151.4748
149.8303
148.6245
148.78
146.4894
146.9184
151.5749
146.5537
154.5408
148.6107
145.8444
146.7912
146.9179
146.5603
155.7642
145.5426
145.8736
153.6937
148.3962
152.1488
147.2384
150.4294
148.2252
150.7015
144.9898
147.7962
145.4809
148.4195
146.325
152.2671
148.9091
147.8297
153.1603
148.8829
147.9143
150.8245
144.7794
151.7215
152.5006
150.4018
145.1476
152.7053
144.4296
146.3896
147.7858
152.0492
150.1288
149.7984
150.3837
151.5527
149.3868
143.8013
176.8126
159.6455
149.1669
147.4844
149.2924
147.413
148.611
144.4978
147.9545
152.2002
148.8343
147.6776
149.0667
144.9894
144.4489
148.3583
149.5752
143.844
145.8299
146.5487
146.1304
148.5609
148.0193
149.4958
160.4606
145.373
148.0867
145.7682
146.9197
154.4883
146.2578
148.6627
146.1138
146.1931
148.1982
148.6842
153.2502
153.216
150.0389
147.7603
149.3689
150.7005
145.4129
145.6395
145.5054
150.6031
156.7402
148.3717
148.9994
148.111
148.6863
149.1372
153.0976
144.6043
154.0066
145.2505
145.6754
145.1885
145.9305
156.3647
151.1183
143.361
148.7077
147.9835
148.4616
146.8021
153.2113
148.4272
145.1149
152.3053
146.1523
147.3911
149.5919
144.1445
150.9528
145.9536
146.532
147.1798
150.1373
146.2545
144.57
151.8043
148.2969
143.7076
146.4934
145.3868
149.0291
149.1884
145.4559
166.78
145.9474
148.5599
147.4942
150.1639
147.8084
151.6545
149.5023
148.8116
152.1778
152.7824
149.467
150.5681
148.3362
148.1426
152.3977
150.3472
151.216
153.0182
146.9797
147.587
144.9971
148.0233
152.1462
150.8112
150.7363
152.9366
145.0554
154.489
163.2748
169.4425
154.2801
204.5604
145.2126
155.9924
145.0228
144.5173
148.1772
144.9306
149.7095
146.9601
149.8342
144.3797
154.1543
147.5681
145.2359
145.2538
150.2746
145.0285
148.8084
149.8135
149.9106
144.9867
147.4642
150.8499
149.668
146.8925
154.685
146.4164
153.5771
151.2069
147.3013
145.2538
151.0653
149.6436
148.3222
146.5467
158.9396
150.3139
146.5579
145.8693
147.4545
144.7138
149.6191
146.4035
148.0508
147.767
155.0886
148.3319
150.3598
156.692
151.1946
149.3424
144.583
142.7661
148.1687
146.999
151.1516
149.8599
148.5977
147.0678
152.2796
146.3672
143.1301
151.9311
148.3998
144.6785
148.9787
144.9385
150.5174
148.4732
146.5882
144.3851
173.1782
145.7617
147.2018
146.4807
153.4335
146.9865
149.5734
145.4864
147.0941
145.3696
150.8738
153.5213
148.418
145.1057
143.2654
150.7464
142.1571
150.7923
156.9748
145.1714
150.8901
169.9144
149.9259
147.0085
164.3325
146.3099
142.1571
182.7704
146.2084
147.2416
145.7063
151.0862
148.2325
143.6104
146.4417
149.8369
143.6227
145.4714
146.9692
149.4087
149.0161
145.5147
145.2025
145.6027
146.5095
149.7292
146.1158
145.7421
145.3676
146.1646
146.0665
147.1277
144.5994
146.1502
148.7091
144.6538
147.991
144.7443
144.5571
155.0697
143.5409
178.2581
145.8011
145.9097
148.2338
148.9688
148.065
146.2721
147.3283
149.2423
145.8526
145.8828
149.6604
149.9536
150.6161
165.5484
145.2538
151.5425
148.3577
148.0249
146.0031
146.3803
155.0044
146.83
148.6028
146.9532
147.1996
147.9472
146.9538
148.4111
148.8813
150.2551
145.6959
149.431
147.9974
152.6984
146.1111
152.1033
151.7327
145.7877
152.878
145.3878
149.6672
146.5714
152.0778
150.2121
144.6361
163.6325
144.9054
145.774
155.1566
151.2377
147.0167
147.7688
146.1193
142.8288
148.9639
148.8105
144.2761
151.7855
151.44
154.3742
146.47
151.1934
145.1511
144.3996
149.8843
146.9041
142.4664
147.1955
150.1811
146.9457
145.0022
149.1359
150.4214
147.9013
148.5964
151.1198
146.2317
143.7636
146.8154
146.9172
148.3627
150.504
146.5726
147.2328
149.7629
152.7086
151.3849
149.4618
151.1365
153.1175
147.7098
157.3747
154.5283
146.6737
149.7949
147.6074
144.8287
147.0025
158.7453
150.3134
149.1024
146.1362
151.3531
143.5899
147.6746
150.9614
148.6036
146.0211
147.3689
155.9184
156.7326
146.9739
149.9675
149.2401
145.8719
146.9775
149.5111
146.386
144.2941
149.9398
149.725
146.527
147.8405
153.6141
149.4027
152.5912
148.9481
147.9081
150.4434
148.995
142.8288
149.3302
149.7569
148.8205
149.8713
148.6346
149.2973
147.345
145.6155
144.49
152.6518
146.191
145.5035
147.2134
145.6967
154.0771
142.515
151.9911
148.2364
144.4033
143.7054
148.1091
146.0111
144.8375
150.8107
151.3399
146.2444
148.1476
150.1662
145.8839
147.9112
147.2978
142.949
145.7411
151.5291
143.6957
145.28
147.2251
150.1831
147.0018
148.1634
151.8081
150.4862
154.3088
151.9694
151.0721
147.7647
144.7594
147.4674
145.0493
145.4841
148.4585
143.3149
149.3493
145.9467
155.2837
149.9702
145.3254
149.1314
143.9887
149.67
150.4812
146.76
151.8803
149.3927
147.444
147.7742
148.6785
144.2995
153.7211
150.9273
146.3281
168.5673
146.4683
143.9006
147.5817
145.011
148.3128
148.2126
143.5574
144.6141
155.9529
147.0367
149.8479
151.4877
148.0533
147.0941
153.5187
145.2402
153.7374
144.9329
144.4123
146.7889
150.8062
144.1646
145.2035
145.3875
146.3986
150.9252
150.9714
146.9919
144.4016
149.5146
147.665
145.2224
146.9902
149.0248
145.8527
144.2981
145.1853
144.623
149.6166
146.6321
148.4123
144.1141
146.1421
147.265
149.0487
158.1085
152.363
148.6876
143.5383
154.722
151.2561
148.6728
148.4357
145.2466
144.4425
148.6234
147.9519
148.9639
143.7263
142.9162
150.4911
147.1257
147.7534
146.9477
148.7345
147.6445
144.3771
148.4524
148.1673
147.5173
144.5149
144.8963
146.492
149.8156
148.0414
149.2841
146.4403
147.4258
147.0235
146.5771
148.1939
149.2741
146.2021
143.8091
146.2683
147.0172
146.9543
146.3005
150.6895
144.4645
146.9374
143.3815
152.8207
145.9779
144.5571
147.6923
144.4075
146.6037
144.6719
144.7877
146.887
153.4558
157.6285
146.1178
148.6337
146.6229
153.1765
144.4382
150.1366
149.8084
147.215
150.0099
146.9882
146.2181
146.4173
145.8319
151.8244
149.4618
156.6701
152.0362
146.8401
146.6587
149.6928
146.3603
146.7119
162.0371
147.9834
146.3806
145.8747
150.6511
147.2117
145.1057
154.3253
145.9382
148.868
144.4645
149.0531
150.6876
147.2119
149.8674
145.1901
152.0932
149.7371
145.9691
159.7472
143.6416
145.3971
151.8097
146.2042
147.8271
145.7709
149.0513
148.3368
150.8874
146.8275
146.4726
148.4521
144.2102
145.3323
155.1413
147.9287
149.4873
146.3782
154.5949
143.3571
148.0772
143.1356
146.4385
146.1437
150.6824
148.9651
150.1405
148.4584
149.7185
149.8183
150.307
153.7206
146.9928
147.5682
143.9231
146.5505
144.7196
146.5986
147.6356
146.3856
146.4891
149.2745
149.7426
145.1626
153.4881
152.7061
149.2827
148.8399
150.789
145.5113
148.9683
156.8522
148.0966
148.2152
145.1777
144.6538
145.9443
148.2905
155.8362
146.3353
145.4769
147.3201
147.7787
150.7577
146.083
149.9908
146.6541
146.062
150.3071
147.3483
146.9558
159.0313
142.714
143.4477
151.1559
152.0535
152.159
147.6229
145.4206
142.8467
148.855
148.0344
149.583
145.062
149.3677
146.8803
149.7774
143.2607
151.5781
145.4453
147.9487
149.336
148.215
149.5635
145.0383
144.2072
142.1571
150.3727
143.2571
147.5351
149.1978
166.4728
148.3361
143.6439
148.988
148.212
142.7571
142.6247
147.8733
147.5972
147.2068
144.3143
149.8195
152.0835
145.2722
146.6385
145.3402
155.3505
149.815
149.9876
142.9854
159.302
152.2716
149.2692
153.7523
147.8434
147.0849
149.7316
145.7318
148.326
157.5633
148.4477
144.6409
151.2317
146.8566
144.1574
150.3787
152.5491
149.6951
144.6304
142.1571
143.0912
143.7085
162.5254
150.195
147.746
144.8753
148.1253
147.5191
160.232
144.6357
153.2269
145.3675
142.6091
144.5709
144.5733
151.8483
149.1455
149.3095
153.5753
146.3732
142.6795
149.5632
144.9382
150.5117
147.1571
145.4567
145.8321
146.5378
148.6039
147.3082
144.7062
151.9839
145.1844
144.6574
144.8432
143.6666
145.523
150.8553
146.6709
151.4216
146.8021
148.0153
142.7571
145.164
144.9838
147.9107
150.0442
145.6224
145.2213
148.7541
148.9282
162.5806
148.4755
149.1804
149.797
146.0456
148.5468
145.6917
151.4457
145.8329
149.9775
151.9125
149.7049
149.2711
144.6538
149.8056
149.5988
150.9228
146.6825
148.2397
144.574
146.4563
151.9466
144.7497
143.5837
147.2188
146.6341
149.8868
145.6053
149.9702
147.8829
148.3186
146.3954
145.9607
150.8107
146.0256
152.7764
152.1819
153.3023
146.1591
150.2763
146.1486
147.4596
145.1057
152.3193
166.1022
155.574
147.7475
146.2391
144.5581
145.014
146.8658
147.0663
148.3584
145.5485
145.8455
152.1146
142.8171
149.4813
146.578
154.0299
154.3059
145.6132
149.2421
144.9125
142.1571
146.2787
145.8353
148.7209
144.7949
149.7767
158.0598
143.5838
144.7719
148.5762
153.0625
160.0038
148.1004
147.5908
145.4582
144.5725
146.5084
144.3441
146.0148
147.2637
142.8842
147.1779
145.2435
149.4477
142.1571
147.0274
148.4856
153.3903
146.4181
148.1511
148.1145
149.7465
146.0541
146.617
145.1022
154.4954
146.4223
153.5504
147.6146
145.2259
149.5325
145.7002
148.0059
146.4677
157.1571
145.9384
148.3959
143.8087
143.6123
146.7821
145.9206
150.8278
151.2422
147.5394
143.8013
150.4765
144.2531
148.1526
150.5685
151.9494
149.0068
145.9505
149.5349
151.2616
148.7818
159.7692
150.1858
155.2318
148.0984
152.4022
146.2566
146.679
147.0752
149.2363
146.839
147.7552
146.0848
150.1
147.2054
148.7183
148.7901
178.4374
143.5762
149.6844
143.8394
146.6647
152.4144
142.7818
147.4872
144.4755
148.2407
152.6053
154.0805
147.4641
149.357
145.8986
148.2558
146.1933
150.5525
145.5949
145.2565
146.3407
144.5723
154.7164
148.716
144.4664
151.5917
146.4084
150.2365
148.2833
147.1129
145.9171
145.3923
144.3001
144.5575
148.6784
152.8651
145.0605
151.7357
147.8336
148.4442
148.483
146.9319
147.1042
151.2799
142.7608
147.1212
159.1201
147.0236
149.3695
145.212
149.8159
152.448
147.8111
146.694
149.0859
149.1414
146.2564
147.8883
155.682
142.7571
151.3338
145.1058
146.731
150.576
147.804
145.3759
149.7833
149.3959
147.3564
147.8416
155.0546
148.4496
144.371
145.2913
145.8597
145.4493
147.9639
146.2117
149.5552
152.054
148.0966
145.2055
147.1606
145.1419
149.9854
150.7472
148.1773
148.6305
145.1883
143.8996
145.3863
147.7724
144.4532
145.9537
145.1739
145.9737
145.7973
145.332
145.0017
152.8541
145.2558
147.9606
143.3472
150.7555
147.3696
149.3383
143.783
148.3758
152.7463
145.0559
149.5651
144.7974
147.3069
148.0879
148.7446
144.8791
147.5208
149.2367
147.8655
145.8538
144.1627
144.8456
144.4804
149.1177
150.9109
145.9447
146.9788
147.9073
151.6186
148.2565
147.5012
147.7288
146.0554
145.6862
147.423
146.7125
149.0385
152.2145
186.6854
149.7418
167.6809
142.7779
150.2697
145.4054
144.8025
145.3608
146.5616
157.2126
151.4155
150.4173
143.9767
149.1212
146.5301
142.6144
148.7887
145.9101
148.5016
145.2479
154.2678
148.8698
148.2224
145.6687
146.4641
147.7462
144.7716
147.4603
145.7057
146.5505
143.8892
143.2857
148.1481
149.7767
147.206
156.6894
144.4986
146.2527
144.1982
149.3184
144.0032
146.6296
145.4312
155.0997
147.6764
174.3075
144.7711
143.8144
152.5232
144.4571
145.5759
146.7777
151.912
145.8409
144.2551
145.7303
149.5864
150.2225
147.7013
150.2972
146.2166
146.2194
148.5719
148.1615
146.8994
149.1667
148.582
149.4439
149.9885
148.2222
147.2394
148.3647
145.0148
152.9733
144.8032
144.4632
149.283
147.5275
151.2266
152.112
150.9898
146.2249
156.0505
143.502
144.671
145.8802
147.4688
143.947
145.7336
145.7702
143.3838
154.4086
149.5624
143.7031
151.8679
146.7626
144.3574
151.2713
143.6682
147.7693
144.1434
147.5348
144.9824
147.4564
147.8325
147.2927
149.1385
145.3152
143.7054
151.263
154.895
148.8767
145.1821
150.9961
150.8092
144.8324
144.0022
144.5621
152.3615
146.5796
147.127
148.7523
143.8385
151.8793
146.9475
149.0357
146.6587
148.1555
151.0762
151.8221
148.469
149.5627
146.8793
144.2343
147.3249
147.3885
142.5449
145.6472
149.4463
147.8038
146.393
145.6021
148.9305
144.8054
146.8245
148.4438
145.7187
146.0866
155.8162
142.9162
145.4602
145.1785
149.0338
148.5522
146.2264
149.8321
148.6103
147.3177
148.949
145.9677
146.7518
145.8324
147.7225
148.2854
147.4988
146.5433
145.097
146.2744
153.501
151.0801
153.7513
147.7492
155.6223
146.1713
147.5349
144.8779
146.5866
143.9259
145.946
149.7195
147.1104
144.5386
150.8259
153.8825
150.8699
159.2843
144.0044
145.6353
147.2082
144.6012
151.996
143.7139
150.0325
149.2612
147.7657
155.0672
149.1595
149.1767
147.275
146.0541
146.7667
149.3229
144.5357
154.322
146.241
151.5252
150.872
151.9889
143.5853
154.8681
145.6325
152.473
146.6851
151.9816
153.39
150.5015
152.31
146.4439
148.4609
151.7897
146.5587
146.4162
147.0368
142.5915
147.74
150.0875
146.1794
157.3109
147.8266
151.3572
147.0773
149.6075
144.9638
144.3441
172.4361
147.9585
145.3892
148.351
150.8722
146.1322
151.2815
146.3568
146.4794
146.3506
152.752
148.917
145.4504
149.6919
157.2619
148.1971
150.9439
145.0846
145.246
144.2133
144.3054
146.4617
146.4591
147.7505
148.4839
150.7269
145.4547
144.3467
154.1025
150.8775
144.588
146.5538
151.5225
144.0108
151.9842
150.1804
145.4383
147.7553
148.9777
152.4034
167.7752
146.7517
153.9651
158.206
148.8124
145.6071
144.6901
146.2079
145.321
152.8747
143.305
148.1037
143.1302
156.8803
146.5498
150.8127
149.2456
208.2103
155.9779
145.592
146.3707
146.2257
146.8041
162.1191
153.8117
150.3768
146.6776
145.9054
151.2688
151.7175
147.8695
146.4136
147.3363
149.1658
147.4435
143.4755
144.8579
146.756
146.6828
148.5994
144.9043
147.5859
161.3175
148.6967
144.4804
148.6326
149.5982
147.4874
148.2954
150.072
142.5721
149.2724
143.8499
145.7964
156.5963
147.8223
143.5731
148.6353
148.7975
149.3312
146.89
148.1838
143.8757
145.6234
145.9237
145.8539
145.0589
144.8709
154.9821
154.2896
146.6696
147.9058
144.9458
147.6683
146.4315
146.7976
147.5797
143.4277
144.8409
145.4323
142.9862
146.7619
147.5755
144.7571
164.9203
154.3303
150.6682
152.9198
145.3833
160.6301
146.9125
146.368
146.4721
152.1739
145.4091
145.9189
146.9248
147.5447
143.7772
144.9943
145.2478
149.144
144.7729
144.4426
148.5718
146.8832
161.1847
149.3719
149.9076
146.0098
151.583
147.4043
147.566
153.6298
143.8248
148.2434
146.3613
146.639
148.3859
143.6048
149.7834
148.9239
149.846
149.8419
154.747
149.7965
145.7689
143.9957
144.1382
146.2022
146.8394
148.7354
145.2936
147.1828
155.0268
149.8361
146.036
146.8945
146.2021
146.8263
146.5194
146.0555
144.6555
149.3453
152.601
150.7558
145.5073
147.5129
145.3676
144.6321
146.5784
147.0567
151.4287
148.5236
143.8666
146.7439
144.3808
144.6538
152.8178
146.8623
147.6523
148.1448
150.1644
152.0849
146.0898
145.2963
166.34
147.833
143.795
142.8391
143.6088
149.2246
150.7368
146.6391
147.2514
143.4625
148.4424
144.6779
148.0844
145.6768
145.573
143.7033
145.6687
148.1163
147.5036
150.8522
149.876
148.8415
147.3873
150.314
145.0764
150.2975
147.6935
146.799
144.6854
144.9647
146.7697
145.9539
145.2114
145.1868
146.6041
151.6213
148.0144
147.1494
147.7876
153.4924
145.0729
147.7454
149.3086
143.4434
149.8155
148.798
145.5033
151.9052
148.8749
146.182
144.0657
146.1583
144.1434
146.5714
152.3332
144.8497
149.6374
150.3227
144.8321
147.6199
145.0229
146.2133
144.5768
148.5834
150.2676
148.4764
147.5596
149.3612
150.7357
154.5353
149.2055
146.3161
147.3581
145.8292
149.4124
150.7322
144.4259
144.7786
148.4779
146.736
149.0605
146.0215
149.6442
147.0616
148.3623
155.1155
149.2747
147.7601
143.3575
145.7683
148.6059
155.9716
147.9728
150.3349
148.9837
144.2742
145.4385
154.0136
145.5592
146.7807
147.1186
145.136
147.0997
146.1119
147.3405
150.4717
145.491
150.9548
144.8485
147.6512
145.1204
146.2345
148.0988
143.0104
149.4712
153.1262
0
