SMDPQ 
1879.18
2031.35
2031.35
2031.35
2031.35
2031.35
2224.75
2031.35
2031.35
2031.35
1396.28
2031.35
2224.75
2031.35
1879.18
2031.35
2031.35
2031.35
2031.35
2031.35
1999.11
2031.35
2031.35
2031.35
2031.35
2031.35
2031.35
2031.35
2031.35
611.405
1031.83
2031.35
967.362
967.362
1096.29
967.362
967.362
967.362
967.362
967.362
967.362
1999.11
967.362
967.362
967.362
1031.83
967.362
967.362
967.362
967.362
967.362
967.362
967.362
967.362
967.362
611.405
623.381
623.381
656.197
623.381
656.197
623.381
623.381
623.381
731.859
623.381
1879.18
623.381
623.381
1911.79
623.381
623.381
623.381
623.381
623.381
1879.18
967.362
623.381
623.381
623.381
623.381
623.381
623.381
656.197
623.381
623.381
623.381
623.381
1911.79
623.381
623.381
623.381
623.381
623.381
680.149
623.381
623.381
731.859
623.381
623.381
623.381
623.381
623.381
623.381
623.381
656.197
731.859
623.381
623.381
623.381
632.245
1879.18
774.792
623.381
623.381
623.381
680.149
623.381
1911.79
623.381
623.381
623.381
623.381
967.362
623.381
2105.19
623.381
623.381
623.381
623.381
623.381
623.381
623.381
774.792
623.381
623.381
623.381
623.381
623.381
623.381
623.381
623.381
623.381
623.381
623.381
623.381
623.381
623.381
731.859
623.381
623.381
668.173
623.381
623.381
623.381
623.381
587.698
668.173
967.362
623.381
623.381
623.381
623.381
623.381
623.381
623.381
774.792
1169.73
623.381
623.381
1938.38
623.381
623.381
623.381
623.381
623.381
623.381
1911.79
623.381
623.381
623.381
599.855
623.381
1911.79
623.381
623.381
623.381
623.381
623.381
623.381
623.381
656.197
623.381
623.381
623.381
623.381
623.381
623.381
623.381
623.381
623.381
623.381
623.381
656.197
668.173
623.381
680.149
623.381
623.381
623.381
668.173
731.859
623.381
731.859
623.381
623.381
741.972
680.149
623.381
623.381
623.381
623.381
623.381
967.362
1911.79
623.381
623.381
623.381
623.381
623.381
623.381
623.381
623.381
611.405
680.149
623.381
611.405
623.381
623.381
623.381
623.381
611.405
623.381
623.381
623.381
623.381
623.381
623.381
680.149
623.381
623.381
623.381
623.381
623.381
623.381
774.792
623.381
1879.18
668.173
967.362
623.381
623.381
623.381
623.381
774.792
1911.79
668.173
623.381
623.381
623.381
731.859
623.381
623.381
623.381
623.381
656.197
623.381
623.381
623.381
623.381
623.381
623.381
623.381
656.197
623.381
623.381
623.381
623.381
623.381
716.14
623.381
623.381
623.381
623.381
623.381
623.381
623.381
623.381
716.14
623.381
731.859
668.173
623.381
623.381
623.381
623.381
623.381
623.381
623.381
731.859
623.381
623.381
623.381
623.381
731.859
1879.18
623.381
623.381
2072.57
967.362
656.128
656.197
623.381
668.173
623.381
656.197
623.381
623.381
623.381
623.381
623.381
623.381
1879.18
967.362
623.381
623.381
774.792
623.381
623.381
623.381
623.381
623.381
668.173
680.149
623.381
623.381
623.381
774.792
623.381
623.381
623.381
623.381
623.381
509.1
623.381
623.381
623.381
623.381
680.149
623.381
611.405
623.381
623.381
623.381
623.381
623.381
623.381
623.381
774.792
623.381
623.381
623.381
623.381
623.381
1911.79
668.173
623.381
623.381
774.792
623.381
623.381
1879.18
623.381
1911.79
623.381
623.381
680.149
623.381
623.381
680.149
623.381
715.142
623.381
623.381
716.14
623.381
623.381
623.381
623.381
623.381
623.381
668.173
716.14
623.381
623.381
656.197
623.381
623.381
623.381
699.061
623.381
785.577
623.381
668.173
623.381
623.381
623.381
623.381
623.381
623.381
623.381
680.149
623.381
731.859
623.381
731.859
741.856
623.381
623.381
839.258
623.381
623.381
623.381
623.381
623.381
623.381
623.381
623.381
623.381
623.381
623.381
623.381
623.381
623.381
623.381
623.381
623.381
623.381
623.381
623.381
779.607
741.856
680.149
623.381
623.381
623.381
623.381
623.381
623.381
623.381
623.381
623.381
623.381
512.803
715.142
623.381
623.381
623.381
731.859
623.381
680.149
623.381
623.381
715.142
623.381
623.381
623.381
716.14
731.859
623.381
623.381
623.381
967.362
623.381
611.405
623.381
623.381
623.381
623.381
623.381
656.197
623.381
623.381
680.149
1031.83
715.142
623.381
623.381
623.381
623.381
774.792
623.381
731.162
623.381
623.381
623.381
623.381
623.381
623.381
623.381
623.381
623.381
774.792
623.381
716.14
623.381
715.142
623.381
623.381
774.792
623.381
623.381
741.972
716.14
623.381
623.381
623.381
623.381
623.381
623.381
623.381
623.381
623.381
715.142
716.14
623.381
623.381
623.381
623.381
623.381
967.362
774.792
623.381
623.381
715.142
623.381
623.381
967.362
967.362
623.381
623.381
716.14
623.381
623.381
623.381
623.381
623.381
623.381
623.381
700.989
623.381
1021.08
623.381
623.381
611.405
623.381
623.381
623.381
623.381
623.381
623.381
623.381
623.381
623.381
623.381
741.856
623.381
623.381
611.405
623.381
741.856
623.381
623.381
623.381
623.381
623.381
741.856
623.381
623.381
716.14
741.856
623.381
623.381
623.381
623.381
487.235
623.381
623.381
623.381
656.197
623.381
623.381
623.381
656.197
623.381
623.381
623.381
623.381
623.381
623.381
623.381
623.381
623.381
623.381
623.381
623.381
623.381
623.381
623.381
715.142
1021.08
623.381
623.381
623.381
623.381
623.381
623.381
623.381
623.381
623.381
623.381
623.381
623.381
623.381
623.381
623.381
623.381
623.381
623.381
623.381
623.381
623.381
623.381
623.381
623.381
623.381
668.173
623.381
623.381
623.381
623.381
623.381
623.381
623.381
611.405
623.381
623.381
623.381
687.168
623.381
774.792
487.235
623.381
656.197
623.381
623.381
623.381
623.381
623.381
623.381
545.626
522.393
512.803
545.626
545.626
545.626
545.626
638.521
545.626
967.362
545.626
545.626
545.626
545.626
611.405
731.859
545.626
656.197
623.381
514.069
545.626
545.626
545.626
545.626
513.013
430.187
656.197
545.626
656.197
623.381
656.197
638.521
545.626
623.381
656.197
687.699
1021.08
512.803
545.626
545.626
656.197
545.626
545.626
623.381
430.187
545.626
545.626
545.626
545.626
545.626
545.626
545.626
470.94
967.362
545.626
731.859
545.626
487.235
545.626
545.626
545.626
512.803
731.859
545.626
545.626
545.626
545.626
487.235
545.626
545.626
545.626
545.626
545.626
545.626
545.626
545.626
545.626
731.859
545.626
545.626
545.626
545.626
731.859
545.626
445.624
967.362
487.235
545.626
545.626
580.13
545.626
545.626
513.013
545.626
545.626
545.626
584.306
545.626
545.626
545.626
545.626
545.626
545.626
967.362
605.697
545.626
514.069
545.626
545.626
545.626
545.626
545.626
545.626
545.626
752.467
656.197
545.626
512.803
545.626
545.626
967.362
545.626
623.381
545.626
656.197
545.626
545.626
545.626
545.626
545.626
545.626
656.197
545.626
545.626
656.197
623.381
656.197
545.626
656.197
1021.08
656.197
545.626
545.626
545.626
512.803
436.84
545.626
545.626
545.626
545.626
545.626
967.362
545.626
623.381
545.626
545.626
545.626
545.626
545.626
545.626
545.626
545.626
545.626
545.626
656.197
545.626
656.197
545.626
545.626
545.626
584.306
545.626
545.626
545.626
545.626
752.467
545.626
545.626
545.626
430.187
545.626
545.626
512.803
512.803
512.803
545.034
590.161
715.246
731.859
551.482
545.034
512.803
517.979
638.521
512.803
487.235
967.362
605.697
512.803
415.602
512.803
513.013
512.803
512.803
560.153
715.246
1970.62
512.803
551.482
512.803
512.803
512.803
512.803
545.034
967.362
715.246
512.803
512.803
512.803
512.803
512.803
512.803
513.013
545.034
512.803
512.803
545.034
715.246
512.803
512.803
512.803
512.803
512.803
512.803
796.974
512.803
545.034
512.803
512.803
515.73
512.803
524.428
512.803
512.803
967.362
551.693
512.803
512.803
415.602
512.803
715.246
513.013
560.153
967.362
415.602
741.856
487.235
512.803
512.803
512.803
512.803
512.803
512.803
512.803
967.362
545.034
715.246
512.803
545.626
512.803
512.803
512.803
512.803
512.803
487.235
513.013
487.235
487.235
487.235
487.235
708.307
487.235
487.235
487.235
487.235
487.235
487.235
487.235
418.211
487.235
487.235
487.235
480.046
500.978
715.142
487.235
513.013
550.907
487.235
490.162
487.235
487.235
487.235
487.235
487.235
487.235
490.162
487.235
487.235
487.235
550.907
490.708
487.235
452.742
487.235
490.162
487.235
487.235
487.235
487.235
550.907
487.235
392.268
478.524
392.268
487.235
392.268
1879.18
392.268
392.268
392.268
416.473
392.268
385.615
392.268
392.268
375.63
392.268
392.268
415.602
491.45
385.673
392.268
375.63
392.268
424.558
392.268
392.268
392.268
392.268
385.615
438.722
392.268
480.046
392.268
392.268
392.268
385.673
523.465
487.235
392.268
490.162
392.268
392.268
392.268
392.268
392.268
385.615
410.5
392.268
423.806
1938.38
392.268
490.162
392.268
1879.18
487.235
392.268
385.673
392.268
668.173
392.268
392.268
478.524
392.268
550.907
392.268
385.615
526.358
392.268
392.268
392.268
392.268
392.268
392.268
392.268
410.5
392.268
392.268
392.268
378.962
392.268
392.268
392.268
392.268
438.722
550.907
418.211
385.615
438.722
392.268
388.845
392.268
392.268
381.226
403.614
392.268
410.5
388.845
438.722
438.722
1879.18
392.268
375.63
385.615
504.42
392.268
438.722
392.268
396.429
385.673
392.268
392.268
550.907
392.268
392.268
392.268
375.63
392.268
392.268
1879.18
392.268
396.432
392.268
392.268
485.148
392.268
403.614
399.317
485.148
417.153
392.268
392.268
415.602
392.268
392.268
392.268
442.037
392.268
392.268
392.268
392.268
392.268
438.722
392.268
438.722
399.317
423.806
392.268
375.63
392.268
1879.18
392.268
392.268
392.268
415.602
392.268
392.268
385.673
403.614
392.268
392.268
392.268
392.268
392.268
392.268
392.268
392.268
399.317
392.268
392.268
392.268
392.268
392.268
438.722
415.602
392.268
392.268
392.268
418.211
392.268
1879.18
385.615
392.268
392.268
392.268
392.268
392.268
392.268
392.268
392.268
392.268
392.268
392.268
392.268
392.268
392.268
392.268
392.268
375.63
449.748
388.845
392.268
392.268
396.432
392.268
392.268
417.153
392.268
418.211
392.268
392.268
399.317
385.673
392.268
415.602
392.268
410.5
370.641
392.268
388.845
388.845
325.406
447.14
410.5
392.268
392.268
550.907
392.268
399.317
423.806
403.614
392.268
392.268
550.907
410.5
396.432
392.268
392.268
392.268
392.268
392.268
1879.18
375.63
392.268
385.615
403.614
392.268
415.602
473.172
415.602
403.614
396.432
392.268
418.211
392.268
465.501
392.268
423.806
392.268
392.268
392.268
392.268
392.268
418.211
392.268
415.602
392.268
392.268
392.268
1879.18
392.268
392.268
443.095
392.268
523.465
392.268
738.235
392.268
392.268
392.268
392.268
418.211
392.268
399.317
392.268
392.268
438.722
388.845
392.268
392.268
392.268
396.432
392.268
487.235
385.615
392.268
392.268
438.722
438.722
1970.62
388.845
1437.5
438.722
363.5
438.722
438.722
403.614
403.614
438.722
465.457
438.722
417.153
438.722
438.722
403.614
438.722
438.722
438.722
438.722
439.419
438.722
438.722
438.722
438.722
392.268
396.432
438.722
438.722
439.419
438.722
354.786
438.722
374.429
438.722
438.722
438.722
438.722
438.722
396.429
438.722
385.673
550.907
451.47
438.722
438.722
438.722
695.265
438.722
438.722
388.845
417.153
378.577
438.722
487.235
439.419
388.845
438.722
438.722
438.722
354.786
417.153
438.722
438.722
438.722
438.722
438.722
438.722
403.614
438.722
438.722
438.722
438.722
438.722
438.722
438.722
1879.18
388.845
438.722
438.722
438.722
439.419
410.5
438.722
438.722
454.742
1561.12
417.153
438.722
438.722
438.722
388.845
388.845
438.722
438.722
425.055
487.235
844.345
487.235
410.5
438.722
1008.58
410.5
525.915
354.786
392.268
438.722
731.913
363.5
438.722
396.432
425.055
438.722
363.5
438.722
550.907
438.722
417.153
438.722
438.722
487.235
421.747
354.786
550.907
425.055
438.722
425.228
438.722
354.786
384.4
439.419
438.722
363.5
354.786
396.432
438.722
438.722
439.419
425.055
438.722
438.722
438.722
399.317
438.722
425.055
438.722
438.722
550.907
438.722
396.432
438.722
438.722
438.722
368.714
392.268
487.235
438.722
359.392
385.673
354.786
438.722
438.722
403.614
359.392
385.673
440.486
438.722
403.614
438.722
438.722
937.24
438.722
438.722
438.722
438.722
438.722
388.845
434.514
438.722
438.722
354.786
410.5
359.392
425.055
439.419
438.722
438.722
487.235
369.393
438.722
438.722
410.5
439.419
438.722
421.747
1938.38
438.722
368.714
467.047
438.722
550.907
438.722
438.722
438.722
425.055
439.419
438.722
438.722
359.392
438.722
438.722
359.392
438.722
438.722
319.796
438.722
550.907
438.722
439.419
439.419
438.722
438.722
438.722
525.915
438.722
438.722
399.317
438.722
438.722
550.907
358.291
550.907
438.722
438.722
438.722
403.614
438.722
550.907
410.5
354.786
438.722
438.722
439.419
438.722
438.722
442.037
425.055
438.722
396.429
413.301
438.722
438.722
363.5
438.722
438.722
577.621
438.722
354.786
438.722
417.153
421.747
396.429
438.722
425.055
438.722
577.621
438.722
438.722
487.235
438.722
438.722
438.722
417.153
438.722
438.722
438.722
438.722
385.673
438.722
438.722
731.913
487.235
438.722
392.268
438.722
438.722
363.5
438.722
438.722
388.845
550.907
438.722
438.722
388.845
438.722
438.722
438.722
438.722
550.907
438.722
438.722
421.747
438.722
417.153
438.722
438.722
438.722
844.345
438.722
844.345
308.577
438.722
438.722
695.265
438.722
438.722
410.5
1008.58
396.429
438.722
438.722
438.722
354.786
388.845
438.722
438.722
410.5
844.345
421.747
417.153
438.722
385.673
438.722
403.614
403.614
438.722
438.722
417.153
438.722
438.722
403.614
550.907
438.722
611.405
438.722
385.673
425.228
438.722
421.747
438.722
396.432
438.722
351.116
438.722
425.055
403.614
374.429
399.317
438.722
438.722
438.722
438.722
403.614
385.673
438.722
438.722
438.722
1906.13
363.5
438.722
438.722
438.722
438.722
378.119
385.673
359.392
438.722
396.432
396.429
396.429
359.392
439.419
438.722
438.722
438.722
550.907
438.722
438.722
421.747
438.722
410.5
438.722
438.722
388.845
396.429
388.845
844.345
396.429
399.317
392.268
410.5
385.673
487.235
392.268
438.722
438.722
388.845
408.694
359.392
392.268
438.722
396.429
438.722
358.291
396.432
438.722
417.153
399.317
487.235
385.673
438.722
438.722
378.119
438.722
385.673
438.722
438.722
438.722
438.722
438.722
410.5
438.722
438.722
438.722
438.722
438.722
400.514
439.419
438.722
359.392
392.268
415.759
438.722
439.419
438.722
438.722
438.722
438.722
487.235
438.722
403.614
438.722
438.722
438.722
438.722
438.722
438.722
438.722
415.759
419.454
438.722
438.722
417.153
438.722
396.432
438.722
438.722
421.747
438.722
438.722
438.722
438.722
438.722
487.235
438.722
404.922
354.786
399.317
396.432
403.614
438.722
468.386
438.722
438.722
438.722
438.722
438.722
438.722
550.907
375.438
439.419
438.722
438.722
438.722
354.786
448.418
438.722
438.722
438.722
438.722
425.055
438.722
438.722
438.722
550.907
396.432
438.722
384.4
438.722
438.722
438.722
371.489
438.722
433.833
438.722
396.432
497.246
438.722
438.722
438.722
438.722
359.392
844.345
487.235
438.722
438.722
376.706
438.722
478.524
403.614
410.782
438.722
438.722
438.722
438.722
403.846
438.722
695.265
415.759
438.722
438.722
438.722
487.235
438.722
438.722
438.722
438.722
438.722
417.153
438.722
438.722
438.722
438.722
844.345
354.786
438.722
438.722
438.722
438.722
438.722
438.722
425.055
408.694
410.5
438.722
439.419
438.722
1593.36
403.614
438.722
455.071
438.722
438.722
438.722
438.722
399.317
359.392
399.317
516.509
643.802
522.934
438.722
421.542
372.097
399.317
410.5
385.673
399.317
465.501
438.722
438.722
438.722
417.153
438.722
396.432
419.454
438.722
438.722
438.722
487.235
450.083
438.722
438.722
417.153
438.722
438.722
403.614
438.722
421.747
487.235
438.722
438.722
438.722
403.614
415.759
438.722
438.722
438.722
438.722
438.722
550.907
438.722
392.268
550.907
421.747
421.747
296.593
421.747
421.747
296.593
350.391
301.924
348.132
421.747
421.747
439.419
421.747
421.747
500.978
324.251
421.747
421.747
421.747
342.555
385.615
421.747
421.747
324.251
313.143
421.747
421.747
427.29
522.934
421.747
421.747
421.747
415.759
319.151
421.747
352.739
313.143
421.747
421.747
421.747
421.747
307.533
385.615
352.739
301.924
421.747
349.069
421.747
421.747
352.739
421.747
397.193
377.553
522.934
421.747
421.747
522.934
439.419
466.377
387.207
352.739
307.533
313.143
421.747
421.747
421.747
421.747
421.747
421.747
421.747
421.747
522.934
415.759
967.362
385.615
421.747
421.747
313.143
341.889
421.747
421.747
421.747
615.828
421.747
407.711
313.143
415.759
421.747
343.129
421.747
433.833
421.747
421.747
522.934
421.747
378.119
385.615
421.747
421.747
421.747
421.747
401.229
500.978
522.934
421.747
421.747
522.934
421.747
348.132
317.598
421.747
387.207
421.747
379.253
289.972
421.747
421.747
421.747
421.747
289.972
421.747
438.722
421.747
421.747
421.747
421.747
421.747
415.759
421.747
421.747
407.711
421.747
421.747
421.747
421.747
469.418
421.747
421.747
421.747
377.553
301.924
313.143
421.747
421.747
368.493
334.977
296.593
313.143
330.371
307.533
400.992
313.143
313.143
313.143
313.143
324.427
313.143
313.143
307.565
313.143
522.934
370.58
403.846
296.593
306.49
407.93
300.226
400.992
427.673
439.419
309.473
313.143
313.143
403.846
306.49
313.143
313.143
522.934
313.143
307.565
313.143
313.143
313.143
522.934
384.42
301.924
310.633
313.143
313.143
313.143
313.143
313.143
325.764
350.391
313.143
313.143
313.143
522.934
314.63
368.493
313.143
307.565
309.473
307.533
313.143
313.143
329.367
313.143
403.846
313.143
313.143
403.846
313.143
319.796
313.143
296.593
301.924
310.41
313.143
313.143
296.593
313.143
313.143
309.473
316.378
330.371
313.143
307.533
296.593
334.977
313.143
313.143
313.143
465.457
313.143
313.143
313.143
313.143
302.593
313.143
313.143
343.129
313.143
307.565
313.143
334.977
313.143
313.143
313.143
313.143
313.143
330.371
313.143
313.143
334.977
350.391
313.143
469.418
313.143
313.143
313.143
313.143
277.007
403.846
500.978
337.354
403.846
391.514
313.143
307.533
385.615
313.143
334.977
325.764
334.977
309.473
313.143
320.178
313.143
313.143
313.143
313.143
313.143
330.371
500.978
313.143
313.143
313.143
447.812
687.168
313.143
313.143
458.032
469.418
313.143
319.796
313.143
313.143
319.796
313.143
313.143
400.992
313.143
296.593
313.143
313.143
313.143
313.143
313.143
313.143
313.143
313.143
313.143
313.143
586.565
313.143
313.143
313.143
313.143
313.143
313.143
531.546
403.846
301.924
306.49
313.143
325.764
307.199
325.764
403.846
307.565
403.846
301.924
334.977
345.039
313.143
330.371
368.493
306.49
313.143
313.143
334.977
368.493
309.473
343.129
313.143
313.143
427.29
313.143
313.143
313.143
313.143
313.143
313.143
319.796
351.066
403.846
313.143
313.143
307.533
863.511
313.143
844.345
313.143
306.49
313.143
313.143
323.717
306.49
400.992
313.143
330.371
313.143
313.143
313.143
313.143
387.864
400.992
388.845
341.63
403.846
313.143
313.143
313.143
421.747
343.129
296.593
326.17
307.533
307.533
307.533
379.253
706.529
307.533
307.533
307.533
378.577
307.533
307.533
307.533
400.992
454.239
447.646
307.533
307.533
307.533
301.956
337.52
307.533
454.239
307.533
301.924
314.187
307.533
307.533
337.52
300.88
541.874
427.29
307.533
300.88
379.253
379.253
319.183
307.533
307.533
307.533
301.924
307.533
379.253
307.533
307.533
307.533
307.533
427.29
307.533
378.577
454.239
307.533
353.581
427.29
307.533
454.239
307.533
378.577
307.533
289.972
307.533
307.533
307.533
535.448
337.52
307.533
301.956
367.224
307.533
307.533
323.789
379.253
313.143
401.599
541.874
307.533
378.577
515.73
307.533
320.155
541.874
307.533
307.533
307.533
307.533
307.533
370.58
307.533
307.533
307.533
469.418
307.533
307.533
289.972
307.533
331.91
301.924
307.533
307.533
469.418
289.972
307.533
307.533
307.533
370.58
307.533
329.367
320.178
469.418
301.924
427.29
311.057
307.533
307.533
313.143
307.533
324.761
469.418
320.178
321.67
301.924
354.51
301.924
301.924
301.924
301.924
301.924
301.924
732.508
301.924
337.559
1906.13
1593.36
324.761
301.924
301.924
301.924
542.294
301.924
301.924
410.356
301.924
301.924
301.924
314.187
301.924
541.874
323.758
480.046
300.88
381.461
597.259
301.924
331.91
301.924
301.924
301.924
307.533
301.924
301.924
301.924
301.924
296.346
301.924
301.924
301.924
301.924
542.294
301.924
301.924
301.924
301.924
707.776
301.924
301.924
323.758
289.972
301.924
301.924
301.924
301.924
301.924
707.776
541.874
301.924
707.776
301.924
469.418
301.924
301.924
289.007
323.758
301.924
371.598
301.924
301.924
301.924
301.924
423.551
301.924
542.294
301.924
301.924
301.924
695.231
289.972
307.199
296.346
301.924
301.924
323.758
701.351
541.874
301.924
306.49
301.924
301.924
301.924
430.978
322.017
301.924
301.924
301.924
301.924
319.151
301.924
301.924
301.924
512.277
301.924
301.924
331.91
307.533
301.924
301.924
301.924
301.924
376.425
314.545
301.924
461.435
301.924
423.551
301.924
461.435
301.924
289.972
301.924
301.924
314.545
331.91
301.924
301.924
381.461
301.924
535.972
301.924
301.924
301.924
307.533
296.593
458.032
301.924
301.924
707.776
301.924
301.924
301.924
301.924
301.924
381.461
375.247
300.88
707.776
301.924
301.924
301.924
469.517
308.577
412.731
289.972
289.972
289.972
289.972
289.972
289.972
531.546
289.972
289.972
469.517
289.972
300.88
311.057
289.972
289.972
289.972
289.972
289.972
289.972
464.761
289.972
311.057
289.972
289.972
361.826
343.369
289.972
289.972
289.972
289.972
353.744
289.972
311.057
338.167
360.529
289.972
289.972
281.661
289.972
412.731
343.369
289.972
289.972
289.972
520.799
412.731
469.517
300.578
331.91
307.741
285.366
289.972
937.056
289.972
331.91
307.199
289.972
472.997
306.49
289.972
289.972
485.895
500.79
289.972
289.972
749.499
289.972
1561.12
360.529
289.972
289.972
289.972
289.972
289.972
289.972
289.972
360.529
289.972
343.369
469.517
289.972
289.972
289.972
289.972
289.972
289.972
331.91
553.606
289.972
353.373
447.215
695.231
584.714
289.972
289.972
289.972
289.972
289.972
289.972
357.733
289.972
311.057
289.972
289.972
302.593
328.039
289.972
289.972
289.972
289.972
301.924
412.731
360.529
289.972
289.972
520.799
289.972
307.199
311.057
289.972
289.972
289.972
301.924
307.199
728.003
300.88
695.231
289.972
520.799
289.972
289.972
289.972
302.593
520.799
343.369
289.972
289.972
305.486
297.21
300.88
331.91
695.231
296.593
289.972
311.057
469.517
331.91
520.799
289.972
302.593
289.972
308.577
289.972
289.972
289.972
412.731
289.972
289.972
285.366
289.972
289.972
289.972
289.972
289.972
303.53
289.972
289.972
289.972
289.972
304.078
447.215
289.972
289.972
289.972
469.517
289.972
289.972
360.529
695.231
311.057
289.972
289.972
302.593
289.972
289.972
289.972
289.972
289.972
299.836
301.559
331.91
302.998
289.972
311.057
331.91
309.215
695.231
289.972
289.972
331.91
289.972
531.546
351.747
311.057
520.799
469.517
360.529
289.972
289.972
346.495
289.972
289.972
311.806
289.972
289.972
289.972
695.231
306.49
349.701
289.972
289.972
314.545
412.731
289.972
289.972
613.211
289.972
302.593
369.191
343.912
289.972
289.972
296.593
289.972
289.972
289.972
343.369
289.972
289.972
289.972
289.972
289.972
289.972
289.972
289.972
695.231
289.972
311.806
289.972
354.15
289.972
308.577
301.924
360.529
695.231
289.972
319.151
289.972
301.924
311.806
335.067
328.039
289.972
360.529
289.972
289.972
289.972
289.972
311.057
289.972
520.799
289.972
344.532
289.972
289.972
289.972
302.593
289.972
343.369
311.806
296.593
289.972
289.972
360.529
304.078
289.972
289.972
285.366
732.508
289.972
289.972
1561.12
289.972
302.593
1906.13
469.517
331.91
289.972
289.972
695.231
343.369
469.517
412.731
354.15
289.972
300.88
360.529
289.972
331.91
447.215
289.972
289.972
289.972
500.79
334.602
289.972
289.972
619.5
301.924
289.972
967.362
302.64
289.972
289.972
289.972
469.517
567.678
289.972
289.972
289.972
442.463
301.924
289.972
289.972
289.972
289.972
516.123
447.215
412.731
289.972
289.972
289.972
296.593
289.972
289.972
289.972
289.972
289.972
520.799
285.366
314.187
285.366
695.231
289.972
331.91
695.231
300.88
289.972
313.574
289.972
289.972
289.972
289.972
289.972
289.972
357.733
289.972
354.15
289.972
343.912
695.231
289.972
289.972
289.972
311.806
289.972
343.912
289.972
291.987
695.231
289.972
289.972
301.924
289.972
289.972
289.972
289.972
343.369
308.577
289.972
289.972
296.593
289.972
301.924
289.972
289.972
469.517
530.997
469.517
792.469
338.167
543.542
343.369
967.362
469.517
530.997
360.529
469.517
289.972
289.972
289.972
302.593
285.366
289.972
289.972
289.972
289.972
289.972
364.091
289.972
530.997
289.972
289.972
289.972
289.972
289.972
285.366
289.972
289.972
360.529
311.806
331.91
289.972
343.369
331.34
331.91
531.546
285.366
289.972
331.91
301.924
308.577
331.91
289.972
447.215
289.972
302.998
289.972
331.91
343.369
365.401
346.495
308.577
531.546
296.593
289.972
289.972
289.972
469.517
289.972
350.956
296.593
530.997
289.972
285.366
289.972
373.546
289.972
530.997
289.972
289.972
323.758
308.577
289.972
346.348
300.88
360.529
343.369
289.972
289.972
289.972
289.972
289.972
289.972
289.972
520.799
285.366
341.763
289.972
289.972
360.529
285.366
289.972
531.546
289.972
301.924
289.972
289.972
289.972
289.972
289.972
289.972
289.972
289.972
302.593
520.799
289.972
308.577
412.731
346.348
304.078
480.046
289.972
530.997
289.972
531.546
289.972
289.972
358.291
289.972
285.366
373.345
289.972
289.972
331.91
318.427
322.017
322.714
343.369
283.35
289.972
343.912
289.972
289.972
503.942
289.972
343.369
302.593
302.593
514.476
296.593
289.972
307.199
289.972
289.972
309.513
289.972
289.972
370.641
289.972
346.348
289.972
289.972
301.924
289.972
296.593
442.463
346.348
360.529
412.731
289.972
531.546
289.972
289.972
360.529
289.972
289.972
530.997
289.972
370.933
289.972
289.972
469.517
447.215
289.972
373.976
289.972
308.577
330.411
289.972
412.731
289.972
306.206
297.987
285.366
530.997
516.123
289.972
346.348
412.731
508.197
289.972
289.972
285.366
531.546
360.529
289.972
289.972
289.972
289.972
289.972
738.751
695.781
360.529
289.972
343.369
289.972
289.972
289.972
289.972
531.546
302.593
296.593
289.972
296.593
300.88
289.972
289.972
469.517
289.972
289.972
352.391
289.972
289.972
289.972
289.972
289.972
289.972
289.972
311.806
289.972
289.972
289.972
289.972
289.972
289.972
307.199
289.972
289.972
289.972
289.972
289.972
352.391
289.972
331.91
289.972
289.972
289.972
546.876
301.924
464.761
289.972
307.199
289.972
289.972
331.91
469.517
289.972
289.972
289.972
289.972
369.369
343.369
289.972
289.972
289.972
321.67
289.972
479.662
364.589
530.997
289.972
289.972
343.692
526.358
337.52
308.577
289.972
412.731
289.972
289.972
343.692
289.972
289.972
289.972
289.972
302.593
289.972
360.529
466.517
289.972
728.003
289.972
370.933
331.91
311.806
296.756
289.972
289.972
289.972
289.972
285.366
285.366
300.88
343.032
285.366
302.593
345.153
285.366
285.366
451.808
285.366
297.987
285.366
285.366
296.593
333.049
285.366
285.366
370.933
285.366
285.366
285.366
285.366
331.91
333.049
285.366
354.937
349.701
451.808
285.366
301.924
301.924
359.708
285.366
333.049
339.927
285.366
285.366
285.366
300.88
331.152
331.91
285.366
289.972
388.922
285.366
285.366
349.701
302.593
285.366
308.577
285.366
400.151
346.495
451.808
331.91
285.366
331.152
285.366
285.366
331.91
285.366
296.593
285.366
285.366
285.366
302.593
285.366
349.701
285.366
300.88
331.152
341.57
289.972
285.366
331.91
307.199
285.366
344.532
285.366
331.91
315.215
285.366
300.88
297.21
285.366
285.366
370.933
285.366
285.366
349.701
300.88
285.366
308.577
285.366
285.366
285.366
400.151
285.366
302.593
308.577
285.366
285.366
497.654
285.366
301.924
285.366
302.593
285.366
349.701
285.366
301.924
296.756
285.366
354.174
285.366
285.366
329.033
307.199
285.366
285.366
285.366
330.411
343.692
451.808
451.808
308.577
331.91
285.366
360.677
280.759
285.366
285.366
285.366
285.366
302.593
285.366
285.366
315.001
285.366
285.366
285.366
285.366
285.366
285.366
285.366
285.366
430.935
285.366
285.366
285.366
285.366
285.366
285.366
304.587
400.151
307.199
285.366
315.001
285.366
285.366
300.88
285.366
349.701
285.366
285.366
285.366
301.924
331.91
285.366
360.529
285.366
307.199
285.366
285.366
297.987
301.924
307.199
285.366
451.808
289.972
289.36
301.924
285.366
285.366
285.366
285.366
285.366
349.701
302.593
285.366
344.532
315.001
285.366
285.366
285.366
285.366
400.151
285.366
289.36
285.366
307.664
301.697
285.366
285.366
285.366
315.001
451.808
308.577
318.728
285.366
285.366
285.366
285.366
1593.36
285.366
280.759
285.366
285.366
285.366
307.199
285.366
285.366
400.151
338.094
285.366
289.972
285.366
313.409
285.366
285.366
334.898
285.366
285.366
332.768
296.593
299.459
285.366
285.366
341.109
285.366
340.812
301.924
285.366
318.728
297.987
285.366
285.366
285.366
285.366
294.317
285.366
285.366
285.366
285.366
285.366
315.001
285.366
308.577
285.366
277.055
285.366
285.366
285.366
329.668
285.366
530.997
345.468
331.91
530.997
285.366
285.366
285.366
285.366
319.62
307.199
285.366
285.366
285.366
332.768
308.577
331.91
349.568
285.366
285.366
297.987
285.366
308.807
289.972
468.186
285.366
351.511
285.366
289.972
285.366
434.122
302.593
400.151
285.366
285.366
296.593
285.366
295.302
289.36
315.412
301.924
285.366
285.366
451.808
285.366
315.001
289.972
322.714
331.91
285.366
285.366
285.366
285.366
285.366
285.366
308.577
331.91
360.529
289.36
285.366
332.768
289.36
280.759
296.593
285.366
285.366
369.393
285.366
285.366
285.366
346.495
337.52
331.152
285.366
1561.12
361.545
285.366
318.728
285.366
285.366
288.775
1906.13
285.366
285.366
520.799
285.366
302.593
318.728
285.366
280.759
285.366
285.366
360.529
285.366
285.366
332.768
313.409
318.728
285.366
285.366
280.759
285.366
285.366
285.366
285.366
299.459
285.366
295.862
307.266
285.366
285.366
285.366
285.366
451.808
285.366
296.593
285.366
285.366
314.187
285.366
285.366
285.366
297.987
285.366
285.366
285.366
301.924
325.079
285.366
285.366
285.366
315.001
285.366
285.366
320.724
285.366
285.366
299.459
305.486
285.366
331.91
728.003
285.366
285.366
301.924
307.199
285.366
313.409
297.987
530.997
285.366
315.001
285.366
308.577
305.486
299.459
301.924
280.759
400.151
302.593
285.366
285.366
459.904
303.959
815.695
285.366
1593.36
315.001
318.427
285.366
285.366
285.366
301.924
285.366
845.443
285.366
285.366
300.88
285.366
331.91
285.366
289.36
285.366
285.366
285.366
285.366
285.366
285.366
307.199
307.199
388.922
285.366
296.593
307.199
296.593
296.593
285.366
285.366
452.992
285.366
308.577
289.36
285.366
285.366
285.366
296.593
296.593
285.366
285.366
332.768
285.366
285.366
285.366
285.366
285.366
296.593
349.701
285.366
285.366
308.577
313.409
285.366
299.459
301.924
295.302
285.366
315.001
285.366
463.654
289.972
396.37
318.728
285.366
315.001
315.001
280.759
285.366
285.366
307.199
285.366
285.366
315.001
300.88
285.366
285.366
285.366
334.19
451.808
289.36
285.366
388.922
305.577
285.366
351.511
289.36
285.366
285.366
285.366
313.409
332.768
543.542
349.701
285.366
285.366
289.972
289.36
400.151
300.88
285.366
338.094
285.366
313.409
285.366
285.366
280.759
285.366
285.366
285.366
285.366
285.366
307.199
285.366
285.366
299.459
285.366
285.366
285.366
451.808
451.808
300.88
299.459
285.366
285.366
296.593
285.366
285.366
400.151
285.366
285.366
300.88
299.459
451.808
330.411
285.366
285.366
285.366
285.366
285.366
285.366
285.366
341.561
285.366
285.366
302.593
294.61
285.366
362.108
285.366
285.366
285.366
285.366
280.759
313.501
285.366
289.972
277.055
285.366
332.768
318.728
568.274
280.759
285.366
285.366
285.366
451.808
285.366
331.91
285.366
285.366
285.366
285.366
285.366
285.366
296.593
285.366
308.577
400.151
289.972
285.366
285.366
268.969
285.366
285.366
285.366
285.366
297.987
315.001
285.366
318.728
285.366
285.366
285.366
285.366
400.151
309.256
285.366
297.987
285.366
307.199
285.366
285.366
332.768
318.728
285.366
285.366
285.366
313.409
285.366
297.987
285.366
285.366
285.366
289.36
285.366
290.398
353.294
285.366
285.366
285.366
285.366
285.366
336.49
349.701
285.366
285.366
278.265
297.987
285.366
349.701
317.365
285.366
388.922
323.558
285.366
285.366
285.366
332.768
285.366
349.701
285.366
296.593
299.459
388.922
285.366
304.442
285.366
285.366
285.366
325.805
285.366
331.91
324.427
308.577
285.366
307.199
285.366
285.366
285.366
285.366
301.924
285.366
289.36
332.768
400.151
289.36
339.927
400.151
285.366
285.366
289.972
315.001
285.366
393.472
285.366
289.36
285.366
297.987
285.366
289.36
285.366
285.366
285.366
285.366
327.836
285.366
285.366
285.366
285.366
293.755
332.768
285.366
400.151
307.199
285.366
280.759
280.759
276.153
304.587
280.759
280.759
292.569
280.759
280.759
293.381
280.759
244.105
301.924
423.551
318.108
312.7
301.924
280.759
749.478
280.759
280.759
280.759
280.759
289.36
356.58
322.731
280.759
280.759
280.759
280.759
280.759
298.842
280.759
280.759
339.927
310.533
327.023
280.759
313.409
280.759
280.759
280.759
289.045
290.219
280.759
280.759
280.759
322.731
280.759
280.759
311.806
293.833
313.409
280.759
280.759
289.83
280.759
280.759
290.219
289.972
280.759
280.759
280.759
280.759
280.759
313.409
280.759
280.759
297.987
388.922
280.759
276.153
331.91
244.105
260.801
280.759
285.366
296.593
280.759
280.759
250.044
293.786
280.759
280.759
285.457
280.759
280.759
247.075
280.759
296.593
289.972
278.265
292.719
388.922
302.593
280.759
280.759
280.759
280.759
815.695
280.759
278.265
280.759
280.759
301.924
280.759
276.153
280.759
253.653
280.759
371.598
295.302
347.508
278.265
280.759
293.381
297.987
280.759
322.731
278.265
280.759
291.916
301.924
296.593
247.075
289.972
280.759
280.759
280.759
322.731
331.91
280.759
301.924
331.91
334.602
280.759
300.88
300.88
235.797
280.759
244.105
319.044
322.731
280.759
280.759
280.759
280.759
285.366
280.759
280.759
322.731
296.593
300.707
247.075
348.848
280.759
280.759
280.759
300.88
280.759
322.731
280.759
280.759
280.759
280.759
280.759
280.759
280.759
280.759
296.593
276.153
297.987
280.759
297.987
280.759
322.731
280.759
280.759
280.759
289.972
280.759
280.759
258.398
268.395
280.759
306.565
301.924
280.759
291.916
280.759
289.972
300.88
280.759
289.972
296.593
322.731
280.759
280.759
338.27
300.88
388.922
296.593
322.731
335.428
301.924
280.759
280.759
278.265
285.366
280.759
348.132
278.265
278.265
280.759
280.759
441.407
280.759
280.759
280.759
280.759
280.759
308.577
280.759
302.593
278.265
276.153
280.759
280.759
293.381
280.759
388.922
291.916
280.759
280.759
280.759
296.593
280.759
278.265
280.759
281.27
280.759
280.759
280.759
728.003
280.759
280.759
302.593
302.64
293.381
280.759
308.577
296.593
276.153
278.265
280.759
339.927
339.927
280.759
264.575
280.759
331.91
280.759
280.759
280.759
543.542
280.759
280.759
280.759
280.759
289.972
280.759
280.759
331.91
247.075
298.059
280.759
291.916
280.759
308.577
280.759
280.759
331.91
280.759
285.366
276.153
280.759
242.468
291.916
292.719
310.609
280.759
349.835
280.759
289.972
280.759
285.366
287.824
291.916
354.937
280.759
340.282
280.759
280.759
280.759
280.759
293.381
244.105
280.759
280.759
280.759
293.381
302.593
280.759
280.759
280.759
293.381
268.485
342.112
285.366
280.759
280.759
308.577
280.759
280.759
373.546
322.731
280.759
280.759
339.927
280.759
280.759
280.759
280.759
280.759
388.922
300.88
253.757
310.179
280.759
280.759
308.577
285.366
280.759
388.922
308.577
388.922
280.759
289.83
289.83
280.759
280.759
280.759
249.101
280.759
403.312
280.759
280.759
297.987
301.924
300.88
280.759
280.759
280.759
278.265
280.759
296.593
308.577
280.759
280.759
289.972
280.759
280.759
289.972
280.759
568.274
280.759
280.759
324.127
285.366
285.366
247.075
280.759
267.195
295.847
276.153
280.759
280.759
280.759
296.593
280.759
280.759
280.759
280.759
280.759
280.759
280.759
280.759
291.916
280.759
280.759
296.593
339.927
280.759
280.759
278.265
280.759
300.88
244.105
289.972
280.759
280.759
280.759
526.358
280.759
280.759
388.922
244.105
280.759
280.759
302.593
301.924
280.759
291.916
280.759
349.568
280.759
289.972
276.153
247.075
289.83
280.759
280.759
276.153
280.759
280.759
280.759
280.759
280.759
343.692
339.927
280.759
280.759
308.577
308.577
280.759
244.105
364.589
293.381
280.759
280.759
278.265
280.759
339.927
301.924
280.759
343.912
302.593
349.138
265.662
717.256
280.759
280.759
280.759
400.151
280.759
281.27
235.797
284.169
280.759
388.922
280.759
280.759
280.759
263.771
297.987
331.91
280.759
297.987
249.101
280.759
348.848
302.593
339.927
339.927
280.759
322.714
280.759
280.759
280.759
280.759
343.912
280.759
247.075
280.759
276.153
280.759
280.759
280.759
280.759
289.972
280.759
280.759
300.88
280.759
280.759
308.577
293.381
331.91
280.759
339.927
276.153
280.759
280.759
280.759
280.759
717.256
280.759
253.943
307.411
244.105
264.225
301.697
260.801
244.105
244.105
244.105
256.874
269.812
244.105
244.105
244.105
347.508
244.105
522.939
388.922
244.105
244.105
264.225
244.105
466.517
365.134
244.105
244.105
256.874
289.83
260.801
244.105
301.662
273.092
256.874
301.272
287.564
294.868
307.649
257.279
301.697
257.279
280.759
244.105
244.105
317.679
244.105
480.046
343.307
244.105
244.105
244.105
256.874
264.225
244.105
244.105
244.105
244.105
343.307
317.679
274.724
244.105
295.847
244.105
967.362
273.092
244.105
244.105
1593.36
244.105
287.564
290.641
244.105
244.105
244.105
316.152
244.105
388.922
244.105
244.105
291.916
317.679
244.105
244.105
244.105
256.874
244.105
318.774
307.649
289.83
244.105
244.105
244.105
253.943
244.105
278.265
268.593
331.152
244.105
301.697
244.105
331.363
244.105
278.265
244.105
244.105
388.922
244.105
244.105
280.759
289.83
313.111
244.105
290.641
244.105
244.105
293.094
244.105
289.83
290.641
244.105
244.105
291.916
244.105
244.105
309.498
244.105
244.105
319.278
388.922
317.679
393.32
322.626
278.265
291.916
244.105
253.757
289.83
244.105
317.679
244.105
307.649
449.213
291.916
244.105
278.265
244.105
271.844
264.225
343.369
301.662
244.105
244.105
244.105
244.105
244.105
244.105
253.943
244.105
244.105
307.649
244.105
285.457
244.105
244.105
256.874
244.105
257.279
314.859
244.105
244.105
253.943
342.112
273.092
244.105
244.105
301.697
342.112
244.105
301.662
301.662
244.105
244.105
244.105
372.926
244.105
273.092
427.673
244.105
244.105
304.912
244.105
278.265
264.225
244.105
244.105
327.01
276.153
304.587
261.711
244.507
244.105
290.641
317.679
244.105
253.943
304.912
244.105
347.508
244.105
244.105
244.105
264.92
287.564
264.501
244.105
264.575
253.943
244.105
351.066
244.105
253.757
244.105
329.182
244.105
289.972
244.105
276.153
244.105
399.317
317.679
244.105
264.225
244.105
244.105
342.112
278.265
244.105
244.105
244.105
343.307
244.105
244.105
244.105
244.105
304.587
376.706
244.105
347.508
377.684
290.641
388.922
396.405
290.641
361.785
300.707
289.83
551.011
280.759
267.596
347.508
244.105
1561.12
244.105
260.801
290.641
289.83
280.922
287.564
244.105
244.105
332.329
244.105
253.757
287.564
244.105
295.862
244.105
781.721
301.697
289.83
263.408
319.244
244.105
244.105
307.716
257.279
244.105
264.225
280.759
317.679
280.759
244.105
240.532
287.564
244.105
280.922
244.105
307.649
244.105
280.759
369.191
244.105
264.225
342.112
244.105
244.105
244.105
387.607
244.105
244.105
276.153
388.922
287.564
253.757
304.587
347.508
244.105
244.105
253.943
376.706
244.105
253.757
244.105
260.801
347.508
244.105
244.105
244.105
244.105
244.105
343.307
244.105
244.105
244.105
244.105
244.105
244.105
272.484
317.679
244.105
244.105
244.105
291.916
244.105
244.105
253.757
253.757
244.105
244.105
343.307
276.153
244.105
304.587
343.307
313.111
301.662
244.105
388.922
244.105
244.105
307.649
412.213
289.83
244.105
244.105
256.874
244.105
276.153
244.105
353.789
244.105
278.265
276.153
244.105
317.679
270.453
304.587
291.916
244.105
256.874
342.624
244.105
388.922
253.943
301.697
253.943
342.112
427.673
244.105
244.105
244.105
253.943
267.173
280.759
244.105
244.105
244.105
388.922
244.105
244.105
253.757
244.105
292.719
285.366
317.679
244.105
244.105
257.279
244.105
244.105
244.105
244.105
388.922
290.641
260.801
273.092
361.785
244.105
244.105
307.649
244.105
244.105
244.105
244.105
244.105
244.105
318.282
244.105
244.105
256.874
347.508
244.105
244.105
244.105
388.922
343.307
244.105
280.759
244.105
244.105
264.225
244.105
244.105
291.916
244.105
244.105
244.105
388.922
244.105
343.307
244.105
1593.36
244.105
244.105
278.265
244.105
569.676
264.225
444.56
316.152
244.105
253.943
244.105
244.105
244.105
244.105
244.105
244.105
244.105
307.649
244.105
244.105
244.105
244.105
244.105
366.749
343.307
304.587
244.105
245.438
273.092
427.673
342.112
317.679
244.105
253.943
244.105
307.649
244.105
244.105
273.092
244.105
287.159
244.105
244.105
280.759
287.532
289.83
244.105
276.153
388.922
244.105
244.105
239.449
244.105
257.279
253.943
301.662
349.568
244.105
244.105
291.916
244.105
340.282
325.23
441.407
239.064
244.105
280.922
317.679
244.105
244.105
313.111
244.105
244.105
257.279
256.874
244.105
282.005
301.697
262.969
244.105
291.916
264.225
244.105
301.662
256.874
244.105
300.707
253.757
244.105
253.757
244.105
313.111
244.105
346.916
260.801
291.916
244.105
332.329
264.225
307.649
253.757
244.105
343.307
317.679
304.587
244.105
526.358
291.916
303.959
244.105
253.757
244.105
244.105
520.799
253.757
244.105
258.188
244.105
244.105
244.105
244.105
244.105
291.916
244.105
244.105
244.105
301.662
244.105
264.225
244.105
244.105
244.105
342.112
304.587
342.112
244.105
244.105
244.105
244.105
284.694
526.358
280.759
244.105
244.105
244.105
493.744
244.105
289.83
244.105
244.105
244.105
292.58
274.724
278.744
319.278
244.105
388.922
244.105
244.105
280.759
244.105
244.105
280.759
244.105
244.105
278.265
244.105
338.832
301.697
244.105
388.922
244.105
244.105
244.105
292.72
244.105
244.105
280.759
244.105
244.105
244.105
343.307
276.153
297.865
244.105
244.105
244.105
775.399
260.801
568.274
307.649
244.105
301.662
244.105
244.105
257.279
244.105
280.759
413.052
388.922
244.105
244.105
242.376
240.532
328.323
244.105
242.376
244.105
244.105
244.105
253.943
244.105
244.105
244.105
343.307
280.759
253.757
253.943
244.105
244.105
244.105
301.697
244.105
287.564
244.105
244.105
244.105
244.105
244.105
244.105
342.112
261.569
244.105
304.587
291.916
244.105
244.105
244.105
239.449
244.105
322.731
244.105
244.105
342.112
244.105
244.105
244.105
244.105
242.376
294.868
256.874
254.86
244.105
244.105
420.884
244.105
244.105
280.759
244.105
242.376
244.105
244.105
244.105
250.722
244.105
242.376
287.564
244.105
345.153
253.943
304.587
244.105
280.759
244.105
253.757
253.757
253.943
304.587
244.105
244.105
244.105
244.105
244.105
343.307
313.111
253.757
244.105
242.376
244.105
244.105
339.403
301.662
244.105
244.105
244.105
301.662
244.105
388.922
326.076
317.679
256.874
244.105
301.662
244.105
256.874
276.153
279.712
304.587
244.105
260.801
276.153
297.26
254.86
244.105
244.105
244.105
244.105
287.564
244.105
244.105
244.105
287.24
273.092
244.105
244.105
242.376
244.105
423.88
388.922
307.649
244.105
255.55
304.587
244.105
290.641
273.092
276.153
244.105
244.105
372.926
313.111
253.757
244.105
244.105
244.105
260.801
242.376
272.484
489.409
293.094
255.667
343.739
244.105
304.587
253.653
244.105
261.711
256.874
257.279
412.731
276.153
244.105
244.105
244.105
244.105
400.151
244.105
253.757
276.153
244.105
253.757
244.105
282.194
292.72
244.105
301.662
244.105
304.587
244.105
244.105
244.105
278.265
244.105
244.105
244.105
291.916
273.092
307.649
244.105
301.662
307.649
276.153
244.105
307.649
244.105
260.801
244.105
244.105
253.653
244.105
354.76
291.916
244.105
242.027
313.111
335.261
244.105
244.105
244.105
290.641
244.105
287.564
278.265
244.105
244.105
253.757
1593.36
244.105
244.105
244.105
244.105
350.646
244.105
244.105
307.716
332.9
244.105
290.641
728.003
277.498
244.105
244.105
244.105
244.105
253.943
244.105
244.105
244.105
317.679
244.105
244.105
343.307
342.112
278.265
244.105
340.945
244.105
244.105
288.018
307.649
490.708
244.105
244.105
244.105
244.105
256.874
244.105
278.265
260.801
244.105
244.105
244.105
278.265
280.759
490.708
244.105
1911.79
299.297
244.105
301.697
290.641
244.105
244.105
256.874
261.569
313.939
342.112
315.001
244.105
284.694
244.105
244.105
278.265
257.279
244.105
253.943
278.265
244.105
242.376
342.112
307.411
304.587
244.105
307.649
290.641
244.105
244.105
244.105
278.265
321.309
244.105
244.105
307.492
244.105
293.094
244.105
304.587
244.105
244.105
242.376
244.105
244.105
290.641
489.409
244.105
313.111
244.105
278.265
253.757
244.105
244.105
244.105
255.659
741.856
244.105
255.667
253.757
313.111
489.409
342.112
295.982
244.105
244.105
242.376
244.105
244.105
244.105
244.105
313.409
244.105
244.105
253.943
301.697
244.105
244.105
244.105
244.105
242.376
244.105
273.092
244.105
244.105
244.105
253.943
244.105
293.99
244.105
244.105
309.33
244.105
287.532
393.449
277.191
244.105
269.349
242.376
244.105
244.105
339.403
242.376
665.061
244.105
368.542
244.105
339.403
285.366
309.33
244.105
244.105
244.105
244.105
244.105
287.532
244.105
244.105
307.199
244.105
244.105
297.987
244.105
276.153
326.796
244.105
276.153
297.865
244.105
244.105
244.105
280.759
301.697
255.659
244.105
316.445
255.659
298.625
244.105
296.187
244.105
244.105
244.105
244.105
285.366
244.105
244.105
244.105
326.796
343.307
343.307
244.105
551.011
311.039
309.33
280.759
244.105
244.105
249.101
491.45
298.863
285.366
255.55
710.933
280.759
244.105
336.448
244.105
244.105
244.105
295.982
244.105
354.48
343.307
484.526
301.809
244.105
357.819
244.105
244.105
244.105
339.403
440.404
244.105
244.105
244.105
297.865
244.105
269.349
244.105
297.865
244.105
269.349
244.105
244.105
255.659
269.349
260.801
244.105
285.366
296.187
244.105
343.307
244.105
244.105
244.105
244.105
244.105
339.403
244.105
242.376
253.757
244.105
244.105
244.105
280.759
297.865
244.105
317.7
244.105
244.105
287.532
244.105
244.105
330.819
244.105
244.105
244.105
244.105
244.105
344.249
244.105
309.33
343.307
281.984
269.349
343.727
244.105
244.105
244.105
244.105
253.757
260.801
244.105
309.33
287.159
244.105
301.272
309.33
244.105
285.366
244.105
295.718
269.8
297.26
244.105
253.757
301.272
390.684
244.105
244.105
242.376
295.718
244.105
257.279
334.519
360.889
244.105
287.159
244.105
257.279
244.105
253.757
269.349
244.105
244.105
326.796
244.105
244.105
270.31
339.403
327.705
335.261
244.105
244.105
244.105
244.105
244.105
244.105
343.307
301.809
313.3
296.346
244.105
244.105
244.105
297.865
244.105
287.159
244.105
269.349
297.865
360.889
244.105
359.4
244.105
244.105
239.449
310.839
358.619
244.105
244.105
313.111
346.751
297.26
255.659
242.376
287.532
244.105
242.376
257.279
239.449
301.272
244.105
297.865
266.824
244.105
256.347
244.105
244.105
376.87
280.759
244.105
244.105
350.246
244.105
260.801
244.105
253.757
244.105
260.801
244.105
244.105
260.801
326.796
244.105
244.105
244.105
244.105
345.152
244.105
244.105
340.257
260.801
259.028
309.33
297.26
244.105
280.321
309.33
244.105
526.358
244.105
255.659
326.796
341.372
244.105
244.105
244.105
244.105
244.105
287.159
367.029
244.105
287.532
244.105
301.272
244.105
244.105
297.865
297.865
298.863
253.757
244.105
266.824
255.659
309.33
280.759
244.105
244.105
244.105
244.105
244.105
244.105
285.366
253.757
244.105
242.376
285.366
242.376
239.449
244.105
244.105
239.449
313.111
244.105
244.105
343.307
244.105
244.105
253.757
297.26
244.105
244.105
337.789
304.74
244.105
269.349
296.187
343.307
244.105
266.824
287.532
244.105
287.532
242.376
264.168
244.105
442.967
244.105
244.105
348.755
244.105
355.723
287.159
244.105
298.863
317.644
287.159
253.757
269.349
244.105
239.449
242.376
255.659
295.718
244.105
244.105
353.144
244.105
298.863
343.307
309.33
244.105
514.476
239.449
244.105
244.105
244.105
244.105
244.105
244.105
339.403
244.105
327.01
287.532
343.307
275.467
244.105
244.105
238.935
244.105
253.757
255.659
297.26
244.105
297.26
244.105
697.877
297.26
244.105
343.307
301.24
297.865
244.105
244.105
244.105
276.153
257.279
256.405
285.366
244.105
368.542
242.376
244.105
244.105
257.279
244.105
408.95
244.105
269.349
244.105
244.105
244.105
244.105
244.105
244.105
339.97
249.23
244.105
244.105
244.105
242.376
604.729
244.105
244.105
244.105
297.865
327.01
255.659
266.824
397.922
239.449
326.796
287.532
244.105
244.105
239.449
266.824
309.33
244.105
297.966
323.504
242.376
242.376
252.028
336.693
242.376
242.376
253.653
242.376
242.376
297.26
267.001
270.744
242.376
307.492
242.376
298.955
242.376
303.959
242.376
242.376
383.303
242.376
242.376
383.303
423.88
314.793
242.376
242.376
242.376
337.559
270.744
242.376
242.376
263.7
259.073
263.648
242.376
242.376
297.865
284.694
264.225
244.105
242.376
242.376
299.297
242.376
242.376
242.376
242.376
242.376
339.403
298.955
307.649
274.138
256.275
242.376
253.653
242.376
254.86
314.793
242.376
242.376
242.376
242.376
242.376
307.649
242.376
298.955
242.376
242.376
339.403
242.376
242.376
242.376
301.662
242.376
242.376
270.744
242.376
242.376
272.247
516.123
242.376
242.376
443.494
244.105
346.698
297.26
303.711
299.297
1561.12
336.693
242.376
242.376
254.86
242.376
526.358
283.35
242.376
242.376
307.492
242.376
242.376
278.744
298.955
383.303
244.105
242.376
287.101
242.376
239.856
242.376
242.376
242.376
370.777
303.959
242.376
242.376
242.376
274.138
242.376
317.679
297.26
242.376
242.376
242.376
259.073
251.929
289.83
298.955
299.297
242.376
343.307
270.744
242.376
242.376
294.427
242.376
317.679
244.105
242.376
289.545
242.376
242.376
252.028
287.696
342.112
242.376
264.225
253.653
242.376
242.376
242.376
298.955
262.043
556.939
301.662
242.376
359.4
244.105
242.376
259.073
274.138
244.105
242.376
242.376
307.492
239.449
242.376
244.105
242.376
242.376
274.138
242.376
242.376
242.376
242.376
242.376
242.376
307.492
242.376
282.972
242.376
242.376
242.376
298.955
270.468
266.512
242.376
317.679
242.376
278.744
370.777
343.307
339.403
339.403
268.725
259.073
242.376
314.793
283.32
298.955
317.679
270.744
278.906
263.7
269.511
252.028
284.813
242.376
301.662
242.376
242.376
238.849
242.376
274.138
251.929
255.55
242.376
339.403
461.435
242.376
242.376
242.376
242.376
242.376
285.28
280.759
276.773
264.225
305.006
274.138
253.653
242.376
242.376
242.376
242.376
491.45
307.649
242.376
242.376
242.376
449.662
242.376
242.376
259.982
252.938
255.55
242.376
242.376
242.376
242.376
242.376
255.378
242.376
244.105
274.138
253.653
242.376
287.101
298.955
343.307
270.744
242.376
242.376
242.376
443.213
283.85
242.376
242.376
343.307
255.378
298.955
242.376
242.376
242.376
255.55
301.662
298.955
255.55
328.305
343.307
242.376
242.376
307.649
270.744
242.376
242.376
242.376
242.376
242.376
242.376
242.376
357.266
242.376
343.307
239.449
242.376
242.376
298.955
301.662
343.307
242.376
242.376
815.695
274.138
297.26
298.955
244.105
317.168
270.744
287.101
340.945
278.906
242.376
242.376
255.55
317.679
343.307
278.906
242.376
300.966
238.294
317.679
320.299
242.376
255.55
242.376
486.441
294.468
242.376
242.376
242.376
263.7
263.7
278.744
274.724
322.277
242.376
242.376
242.376
242.376
255.55
242.376
242.376
278.744
242.376
263.7
280.759
268.304
239.449
239.449
239.449
239.449
239.449
239.449
249.791
252.446
239.449
322.626
239.449
281.647
239.449
301.662
339.858
239.449
239.449
251.929
239.449
239.449
272.842
289.83
524.708
249.101
283.35
256.146
307.649
239.449
242.376
289.83
289.83
248.067
278.265
289.83
349.835
252.623
251.929
301.662
289.83
319.09
289.83
264.303
289.83
441.407
253.653
289.83
289.83
288.775
268.821
289.83
289.83
322.299
252.623
291.468
252.623
249.101
252.623
252.623
252.623
264.165
252.623
252.623
252.623
289.83
253.943
252.623
331.363
249.101
249.101
293.929
291.617
308.577
249.101
249.101
464.597
253.454
258.753
249.101
249.101
249.101
253.757
254.171
252.753
281.574
304.907
258.363
252.446
264.668
296.653
253.757
249.101
249.101
249.101
249.101
327.849
249.101
282.484
249.101
249.101
249.101
303.976
252.446
258.753
265.018
249.101
249.101
270.414
280.759
250.011
253.757
249.101
280.759
249.101
253.757
249.101
253.757
267.373
253.757
249.23
252.753
261.846
252.753
288.142
252.753
309.839
236.092
257.314
236.092
252.753
252.753
239.064
252.753
479.237
252.753
252.753
249.23
274.771
252.753
447.007
267.386
252.753
273.877
252.028
252.753
249.101
252.753
265.202
252.753
270.194
271.456
252.028
258.761
249.101
252.753
276.153
252.753
253.757
262.275
252.753
249.101
253.757
252.753
257.279
439.42
250.011
355.109
252.753
249.101
253.757
250.14
249.515
252.753
328.78
466.549
273.352
281.574
252.446
252.028
252.753
250.722
348.816
252.753
252.028
252.753
269.343
245.579
253.757
252.753
296.578
252.028
252.753
249.101
252.753
287.184
249.101
253.757
252.753
249.101
253.662
285.457
267.699
443.213
281.574
249.101
252.753
283.35
274.184
257.185
253.757
256.275
249.101
252.753
249.101
252.028
246.199
261.234
259.605
270.453
436.259
265.797
252.753
252.623
315.735
252.753
238.339
296.982
274.921
252.753
270.253
248.998
252.753
249.101
267.699
252.753
253.757
252.753
248.998
249.101
475.444
278.744
233.012
249.101
253.757
252.753
299.554
249.101
265.927
274.866
262.275
255.55
252.753
249.515
443.213
249.101
285.366
252.753
302.095
282.137
250.722
256.275
248.998
249.101
262.969
294.646
250.722
265.202
252.753
304.907
249.101
256.275
249.101
443.213
252.028
252.882
249.101
252.446
314.545
252.753
269.812
352.979
389.947
265.372
252.753
249.101
262.275
252.753
253.757
252.753
249.101
256.347
252.623
258.398
249.101
246.032
252.882
258.398
461.435
257.314
256.405
256.405
288.891
466.549
256.405
256.405
760.226
256.405
256.405
256.405
304.907
298.785
308.729
256.405
256.405
271.951
256.405
269.518
258.025
256.347
269.579
256.405
256.405
249.101
267.007
256.405
256.405
470.342
256.405
244.07
256.405
256.405
271.456
520.799
396.405
256.405
728.003
259.605
269.59
249.101
262.969
304.547
256.405
259.999
457.127
252.753
255.667
265.797
249.101
239.064
695.231
445.869
271.456
249.101
283.436
276.153
345.014
304.907
611.405
267.699
461.966
260.122
311.32
274.138
253.757
249.101
304.547
249.23
249.101
267.596
249.101
276.153
265.848
305.402
254.139
284.405
288.142
255.68
249.101
764.651
249.101
449.662
249.101
252.446
252.753
249.101
249.101
256.405
271.456
252.753
249.101
266.373
259.999
252.446
263.648
256.674
233.999
273.101
365.274
249.101
269.32
249.101
249.101
262.275
249.101
249.101
345.014
249.101
271.951
271.456
249.101
286.903
249.101
249.101
249.101
249.101
249.101
249.101
249.101
249.101
258.753
249.101
271.333
306.915
306.915
256.405
256.49
249.101
594.937
266.373
249.101
261.234
271.951
269.449
249.101
268.14
276.947
249.101
252.028
249.101
249.101
261.846
249.101
245.579
249.101
249.101
250.722
251.239
252.446
249.101
235.412
249.101
249.101
272.243
250.011
314.983
322.245
351.316
248.998
249.101
248.998
297.987
262.275
250.722
272.384
262.405
245.579
449.662
249.101
320.034
271.456
255.68
249.101
270.028
245.579
250.722
249.101
250.011
250.722
249.101
232.981
443.213
249.101
249.101
271.456
276.153
306.915
255.68
255.23
249.101
250.722
249.101
252.623
249.101
262.275
249.101
253.757
342.49
249.101
249.101
248.998
249.101
249.101
324.075
235.412
249.101
250.722
249.101
239.366
252.028
249.101
259.999
249.101
249.101
252.753
249.101
258.753
249.101
249.101
248.998
427.673
285.825
1657.85
306.416
265.372
245.579
249.101
249.101
296.058
249.101
249.101
249.101
403.222
249.101
249.101
249.101
249.101
249.101
249.101
249.101
249.101
249.101
245.579
249.101
249.101
249.101
308.925
258.753
249.101
249.101
249.101
249.101
249.101
252.446
249.101
311.32
249.101
252.623
249.101
249.101
249.101
249.101
255.68
296.021
235.412
328.479
249.101
271.456
271.474
265.797
248.998
249.101
249.101
249.101
249.101
253.757
271.456
249.101
249.101
249.101
320.972
266.707
280.222
250.011
249.101
248.998
258.753
249.101
249.101
249.791
308.069
262.275
250.011
265.797
304.547
249.101
244.938
249.101
252.753
249.101
249.101
256.405
256.405
249.101
290.858
252.753
271.474
266.373
311.32
354.48
249.101
276.947
252.753
276.153
249.101
249.101
249.101
271.456
252.446
249.101
249.101
249.101
249.101
249.101
271.474
309.074
249.101
258.753
283.805
304.547
710.933
265.797
254.243
249.101
250.011
249.101
249.101
325.259
259.999
249.101
274.771
249.101
280.222
548.414
249.101
249.101
249.101
249.101
245.579
311.32
292.383
284.169
249.101
256.405
348.606
249.101
249.101
252.753
249.101
249.101
450.702
267.007
248.067
249.101
249.101
249.101
249.101
239.064
245.579
249.101
253.757
267.699
250.011
266.373
249.101
321.008
246.86
249.101
249.101
257.279
269.651
259.999
249.101
351.478
257.279
249.101
249.101
249.101
249.101
249.101
249.101
300.957
249.101
249.101
266.373
311.32
250.722
249.101
276.244
444.616
249.101
249.101
249.101
249.101
265.797
316.333
249.101
249.101
249.101
245.579
249.101
249.101
249.101
457.658
304.547
252.753
249.101
251.239
249.101
249.101
249.101
249.101
249.101
249.101
250.011
249.101
249.101
258.753
249.101
249.101
249.101
249.101
249.101
249.101
249.101
271.456
259.999
245.579
249.101
252.623
249.101
249.101
249.101
248.998
276.153
249.101
249.101
249.101
232.841
262.969
249.101
267.699
249.101
249.101
249.101
250.011
266.373
249.101
262.275
249.101
249.101
249.101
249.101
249.101
267.699
256.405
298.785
266.373
250.722
271.456
259.999
347.971
249.101
249.101
289.444
249.101
249.101
242.056
249.101
288.8
249.101
246.488
449.662
249.101
249.101
249.101
249.515
235.412
249.101
249.101
249.101
356.909
277.483
249.101
316.523
249.101
249.101
249.101
249.101
249.101
273.101
248.998
252.028
266.373
274.138
252.623
249.101
249.101
252.623
469.915
250.722
249.101
252.623
249.101
249.101
271.456
249.101
250.722
249.101
253.757
256.589
249.101
293.381
252.753
259.999
249.101
315.412
249.101
250.722
288.171
249.101
249.101
249.101
276.153
249.101
249.101
249.101
281.697
256.405
249.101
250.722
238.66
262.441
249.101
311.32
249.101
249.101
249.101
255.68
249.101
256.405
262.275
331.078
249.101
249.101
259.999
252.446
249.101
249.101
249.101
249.101
249.101
252.446
245.579
281.984
248.998
249.101
255.68
271.474
249.101
276.153
252.446
250.722
249.101
267.699
311.32
250.722
249.101
249.101
276.153
256.405
258.753
249.101
249.101
249.101
258.753
262.275
273.101
249.515
249.101
249.101
249.101
249.101
249.101
343.187
249.101
249.101
249.101
249.101
249.101
249.101
316.333
249.101
249.101
306.093
268.02
249.101
252.753
710.933
249.101
249.101
249.101
249.101
249.101
330.895
249.515
249.101
249.101
249.101
253.757
249.101
252.623
265.797
265.797
256.405
249.101
249.101
250.011
266.373
249.101
249.101
252.623
249.101
255.68
249.101
249.101
252.753
249.101
252.753
270.453
312.23
305.006
249.101
249.101
256.148
249.101
249.101
249.101
249.101
249.101
252.753
249.101
235.412
249.101
252.028
1970.62
250.011
284.694
249.101
252.753
249.101
249.101
249.101
249.101
249.101
235.412
249.101
249.101
256.405
252.753
249.515
249.101
257.054
286.903
281.984
249.101
358.846
262.275
250.011
249.101
252.623
302.095
259.999
249.101
259.999
267.699
249.101
249.101
249.101
423.88
247.637
249.101
249.101
252.446
311.32
249.101
249.101
249.101
249.101
248.998
249.101
249.101
255.68
249.101
252.623
249.101
252.446
249.101
249.101
357.072
256.405
249.515
250.011
249.101
253.757
262.275
259.999
721.681
358.846
262.275
710.933
256.405
249.101
249.101
250.722
276.153
249.101
249.101
245.579
286.903
407.068
468.995
250.722
276.153
269.89
307.516
267.699
268.14
325.606
267.699
270.414
270.414
281.984
316.333
267.699
256.148
267.699
284.837
267.699
267.699
270.414
267.699
247.316
250.722
284.694
270.414
270.414
270.414
270.414
237.171
270.414
272.675
241.138
239.824
262.969
249.101
284.694
249.101
249.101
246.077
249.101
270.414
249.101
311.32
269.651
249.101
447.007
254.171
249.101
250.011
308.292
249.101
249.101
249.101
249.101
249.101
274.184
250.722
249.101
249.101
249.101
249.101
249.101
249.101
249.101
245.579
451.47
249.101
284.401
250.011
259.999
252.623
249.101
316.313
245.579
249.101
236.061
249.101
249.101
252.753
238.935
271.951
253.757
259.999
253.757
249.101
249.101
311.32
254.171
249.101
249.101
249.101
250.011
249.101
245.579
249.101
249.101
249.101
249.101
301.56
265.372
270.414
239.824
249.101
288.955
253.757
249.101
815.695
249.101
249.101
271.333
249.101
717.256
250.722
1657.85
245.579
235.412
252.446
249.101
304.547
259.999
249.101
783.075
271.333
270.414
256.405
262.275
249.101
263.5
271.752
311.707
326.03
444.582
254.171
249.101
252.753
284.401
266.359
249.101
290.88
255.68
249.101
249.101
250.011
249.101
249.101
271.333
249.101
249.101
249.101
249.101
252.753
271.951
249.101
249.101
254.171
249.101
249.101
249.101
290.219
249.101
309.296
245.579
249.101
256.405
251.239
249.101
284.694
290.219
250.011
249.101
256.405
347.168
245.579
249.101
249.101
249.101
249.101
281.459
249.101
249.101
249.101
249.101
287.945
249.101
235.412
252.753
251.239
245.579
249.101
249.101
271.951
249.101
252.753
252.446
258.753
262.275
347.168
235.412
293.381
249.101
249.101
249.101
249.101
249.101
258.753
258.753
274.499
284.401
249.101
290.219
285.474
249.101
258.753
252.446
306.915
252.753
289.14
249.101
250.011
249.101
249.101
252.623
249.101
249.101
249.101
249.101
249.101
249.101
262.275
249.101
249.101
249.101
249.101
359.467
249.101
256.405
252.753
274.184
258.753
249.101
311.32
252.446
265.372
249.101
249.101
249.101
249.101
249.101
255.772
252.623
249.101
262.275
249.101
274.771
249.101
252.446
249.101
252.753
249.101
276.963
256.405
249.101
270.414
249.101
255.68
259.999
322.099
278.169
250.722
341.682
256.405
251.239
265.797
290.219
249.101
249.101
252.753
249.101
304.418
249.101
284.694
1561.12
245.449
256.405
249.101
447.007
270.414
262.275
249.101
249.101
254.171
254.171
249.101
249.101
253.757
249.101
257.314
253.757
249.101
280.223
249.101
265.797
307.716
430.194
249.101
258.363
249.101
453.455
249.101
249.101
250.011
249.101
249.101
249.101
249.101
249.101
271.951
272.675
249.101
258.398
249.101
249.101
283.403
249.101
249.101
270.028
276.153
249.101
245.579
257.314
267.596
259.999
256.405
249.101
255.772
249.101
249.101
253.757
271.951
248.067
294.687
249.101
279.101
262.969
249.101
249.101
252.753
845.443
284.694
249.101
290.219
249.101
249.101
252.753
249.101
252.623
265.797
249.101
290.219
282.11
249.101
249.101
249.101
311.32
249.101
252.753
250.722
262.275
249.101
252.446
252.623
258.753
249.101
235.412
281.459
276.153
258.193
376.724
2099.53
254.171
249.101
249.101
252.753
252.623
249.101
249.101
249.101
258.753
341.561
271.951
290.219
265.797
284.401
288.647
259.999
389.947
249.101
245.579
249.101
271.333
249.101
265.797
252.623
249.101
249.101
249.101
258.753
248.584
259.999
249.101
252.446
276.153
249.101
249.101
235.412
253.757
245.579
254.171
272.484
249.101
249.101
250.011
249.101
249.101
249.101
254.171
249.101
249.101
249.101
254.171
249.101
249.101
245.579
249.101
235.412
249.101
259.999
249.101
249.101
249.101
270.414
283.805
249.101
249.101
249.101
251.239
249.101
249.101
249.101
276.153
265.797
249.101
249.101
249.101
341.561
256.405
258.753
249.101
254.666
249.101
249.101
292.375
284.694
267.097
276.153
249.101
307.716
249.101
249.101
249.101
249.101
249.101
249.101
249.101
249.101
249.101
249.101
262.71
249.101
249.101
253.757
252.446
249.101
265.797
250.722
252.623
249.101
249.101
290.219
267.097
305.819
259.999
296.756
249.101
252.028
270.414
249.101
256.405
249.101
249.101
280.223
249.101
252.446
249.101
249.101
249.101
249.101
249.101
249.101
278.169
267.178
263.649
249.101
249.101
284.169
281.459
2067.29
265.294
254.171
458.032
249.101
271.951
255.895
249.101
249.101
252.623
249.101
249.101
251.239
249.101
249.101
249.101
249.101
270.414
249.101
249.101
249.101
249.101
284.401
249.101
253.757
235.412
290.219
249.101
306.182
249.101
249.101
444.616
249.101
271.951
249.101
249.101
249.101
251.239
249.101
252.623
307.664
249.101
255.68
249.101
270.414
249.101
245.064
290.219
252.446
249.101
249.101
249.101
271.951
270.414
249.101
290.219
249.101
319.048
249.101
249.101
249.101
249.101
322.823
249.101
311.32
276.153
265.797
249.101
1114.36
250.722
249.101
249.101
249.101
249.101
249.101
249.101
248.067
250.722
249.101
249.101
270.414
249.101
249.101
249.101
271.951
249.101
249.101
235.412
249.101
249.101
255.68
249.101
284.401
269.812
272.376
249.101
290.219
249.101
249.101
276.153
252.623
254.171
249.101
252.753
249.515
249.101
249.101
249.101
249.101
255.68
276.773
249.101
249.101
244.771
255.68
249.101
249.101
252.446
252.623
249.101
249.101
249.101
258.753
249.101
276.153
249.101
249.101
361.709
270.414
236.092
383.55
233.999
249.101
233.999
270.414
244.938
231.147
270.414
238.658
270.414
270.414
270.414
235.412
270.414
270.414
270.414
270.414
271.927
267.699
290.219
270.414
246.989
267.699
2067.29
264.019
270.414
256.905
270.414
270.414
281.984
267.699
233.999
267.699
239.679
249.101
271.426
249.101
320.972
249.101
249.101
249.101
239.679
274.138
248.998
249.101
249.101
249.101
249.101
311.32
250.011
249.101
249.101
271.426
271.951
262.275
249.101
250.011
249.101
255.895
249.101
249.101
235.412
249.101
249.101
271.426
249.101
249.101
249.101
267.699
294.301
249.101
249.101
250.722
249.101
303.711
249.101
249.101
258.753
271.951
286.903
249.101
249.101
254.139
249.101
249.101
249.101
249.101
249.101
286.903
254.139
267.097
249.101
249.101
271.951
258.753
311.32
281.984
249.101
235.412
462.559
249.101
316.333
248.929
249.101
249.101
248.998
261.68
306.899
274.138
328.016
254.139
287.82
286.903
249.101
274.138
249.101
258.753
274.138
803.705
249.101
249.101
249.101
249.101
274.138
281.984
249.101
249.101
235.412
249.101
249.101
249.101
249.101
249.101
249.101
2002.8
254.243
249.101
250.722
249.101
252.446
249.101
249.101
249.101
247.791
274.138
249.101
296.021
249.101
249.101
252.623
249.101
249.101
249.101
249.101
249.101
249.101
267.699
249.101
249.101
249.101
249.101
249.101
269.882
249.101
249.101
252.623
343.26
249.101
249.101
249.101
504.306
249.515
262.275
249.101
256.275
311.32
262.275
249.101
288.647
311.32
249.101
281.984
283.722
249.101
278.169
250.722
245.579
271.951
249.101
249.101
249.515
294.046
271.332
249.101
249.101
249.101
281.459
249.101
250.105
245.579
249.101
249.101
249.101
281.984
249.101
274.138
251.239
249.101
267.699
249.101
249.101
311.32
249.101
313.618
271.951
249.101
249.101
249.101
290.219
235.412
284.401
249.101
249.101
239.449
274.138
250.722
271.951
249.101
291.15
249.101
249.101
271.951
249.101
264.165
249.101
262.275
279.022
235.412
249.101
245.579
249.101
286.903
249.101
258.753
301.56
284.694
257.737
252.964
249.101
249.101
245.579
254.139
248.998
249.101
239.449
245.579
262.275
249.101
249.101
249.515
249.101
286.903
253.653
248.586
274.138
235.412
243.046
249.101
249.101
250.722
262.275
275.449
249.101
262.275
274.105
252.446
255.378
249.101
249.101
293.235
249.101
249.101
249.101
249.101
249.101
249.101
252.446
252.028
249.101
258.753
249.515
249.101
249.101
249.101
235.412
249.101
252.446
249.101
239.449
274.138
245.579
252.028
249.101
249.101
249.101
249.515
281.984
290.525
249.101
265.797
258.753
258.753
249.101
249.101
249.101
252.446
249.101
249.101
249.101
249.101
274.138
249.101
284.401
284.401
249.101
249.101
239.449
320.882
249.101
249.101
281.984
249.101
239.449
249.101
504.306
249.101
249.101
265.797
249.101
266.579
249.101
254.139
249.101
301.56
284.694
328
249.101
249.101
249.101
249.101
254.139
370.179
249.101
249.101
249.101
267.699
249.101
249.101
287.403
249.101
274.138
284.401
249.101
262.275
252.753
249.101
281.984
249.101
249.101
249.101
393.861
249.101
252.753
258.753
267.699
267.699
249.101
248.998
249.101
249.101
249.101
249.101
249.101
265.797
249.101
249.101
258.753
264.984
245.579
249.101
249.101
239.449
263.648
249.515
268.405
252.446
249.101
245.579
265.797
249.101
267.699
264.984
255.378
249.515
267.699
228.367
235.74
267.699
231.147
259.478
286.903
267.699
267.699
275.449
267.699
267.699
267.699
268.725
282.576
273.877
267.699
267.699
233.999
252.964
249.101
267.699
230.542
244.663
330.878
281.984
267.699
267.699
267.699
286.903
267.699
288.629
271.939
267.699
258.753
830.745
249.101
250.722
249.101
280.962
249.101
266.512
252.446
263.648
249.101
248.998
245.579
250.722
249.101
250.011
252.028
249.101
249.101
249.101
252.446
249.101
249.101
373.546
262.561
258.753
249.101
249.101
261.234
249.101
249.101
389.947
249.101
249.101
249.101
235.74
239.449
309.394
239.449
239.449
239.449
239.449
239.449
239.449
250.722
247.791
322.277
239.449
239.449
239.449
239.449
248.998
239.449
239.449
284.478
239.449
239.449
267.808
358.96
271.456
444.616
339.858
342.422
239.449
267.808
239.449
239.449
266.512
309.394
319.039
239.449
252.446
252.623
289.83
249.101
239.449
250.722
251.239
239.449
252.623
256.146
249.515
309.394
273.655
286.759
267.012
239.449
239.449
239.449
322.912
252.446
267.808
239.449
239.449
239.449
239.449
252.623
239.449
274.138
239.449
292.663
251.929
239.449
274.138
239.449
274.138
264.165
239.449
311.096
355.723
239.449
239.449
239.449
239.449
252.623
242.376
289.83
257.055
239.449
249.101
239.449
309.394
292.663
239.449
239.449
239.449
276.153
252.623
239.449
239.449
254.171
239.449
2099.53
292.663
256.347
239.449
239.449
239.449
239.449
298.955
322.277
239.449
239.449
309.394
261.593
298.955
266.512
267.097
239.449
297.865
239.449
250.722
239.449
239.449
267.808
322.277
297.26
239.449
239.449
235.927
290.641
239.449
289.83
239.449
239.449
239.449
264.165
251.929
239.449
292.663
249.101
291.366
322.277
249.101
252.623
239.449
239.449
239.449
239.449
267.808
239.366
239.449
248.998
289.45
239.449
297.26
239.449
239.449
242.376
289.83
239.449
297.26
261.593
301.662
294.43
261.593
239.449
239.449
238.387
251.929
239.449
300.966
300.966
235.927
290.641
239.449
266.512
297.26
252.623
266.512
239.449
239.449
239.449
278.265
239.449
239.449
297.26
297.26
239.449
239.449
239.449
252.446
266.512
239.449
457.127
281.374
261.593
235.201
256.146
239.449
239.449
2067.29
344
333.948
295.972
239.449
471.535
235.927
316.76
239.449
252.623
239.449
239.449
239.449
239.449
375.617
239.449
239.449
265.003
274.866
235.927
352.668
239.449
239.449
303.474
306.653
292.663
322.277
239.449
252.623
239.449
297.865
443.213
262.441
267.808
239.449
249.101
264.225
239.449
270.468
239.449
239.449
301.662
239.449
309.394
239.449
239.449
265.797
300.4
264.303
449.662
251.929
289.83
249.101
270.134
261.68
304.809
252.446
239.449
292.663
239.449
252.446
239.449
239.449
239.449
1041.2
239.449
239.449
266.512
276.153
389.947
266.512
297.26
239.449
239.449
239.449
239.449
239.449
239.449
298.955
275.368
239.449
239.449
278.744
239.449
266.512
239.449
239.449
239.449
270.028
239.449
251.929
239.449
239.449
309.394
301.924
275.83
239.449
239.449
239.449
239.449
239.449
248.998
256.146
297.26
256.146
249.101
239.449
267.808
239.449
267.808
239.449
266.512
301.662
252.446
252.623
300.966
256.146
292.663
239.449
239.449
239.449
260.122
266.512
264.303
246.936
233.713
239.449
239.449
261.593
270.841
264.225
283.805
309.394
239.449
239.449
249.101
289.83
286.759
239.449
239.449
235.927
239.449
239.449
264.225
229.245
362.492
239.449
264.225
239.449
274.138
239.449
239.449
239.449
239.449
250.722
264.225
297.26
264.225
317.168
283.652
239.449
239.449
278.906
239.449
286.903
342.422
267.808
266.512
299.229
298.955
239.449
239.449
276.153
266.512
239.449
239.449
309.394
239.449
259.012
296.122
239.449
239.449
292.663
239.449
289.83
289.83
266.512
783.075
239.449
252.623
239.449
251.929
239.449
239.449
235.927
251.929
239.449
239.449
239.449
239.449
297.26
323.712
322.277
239.449
249.515
348.132
307.411
266.512
239.449
283.35
239.449
239.449
239.449
239.449
248.998
239.449
239.449
267.808
239.449
239.449
261.586
239.449
239.449
249.101
239.449
256.146
252.446
285.39
235.927
261.593
239.449
292.663
239.449
239.449
298.955
262.275
239.449
309.394
239.449
239.449
251.929
239.449
239.449
289.83
301.662
239.449
250.722
239.449
239.449
239.449
305.006
256.146
252.623
274.224
239.449
239.449
250.722
239.449
298.955
239.449
239.449
289.83
322.277
239.449
264.225
252.623
239.449
239.449
239.449
239.449
264.225
251.929
298.955
322.277
239.449
2099.53
298.955
264.225
239.449
260.149
267.808
239.449
252.623
297.26
266.811
239.449
239.449
256.146
239.449
239.449
239.449
239.449
248.998
252.446
239.449
313.126
251.929
289.83
297.26
297.26
242.376
242.297
239.449
261.593
239.449
314.793
239.449
239.449
235.927
256.146
292.663
457.127
239.449
239.449
305.006
239.449
239.449
291.056
239.449
239.449
250.722
266.512
239.449
242.376
252.446
239.449
252.446
239.449
239.449
274.138
242.376
239.449
239.449
301.662
289.841
251.929
289.83
294.427
242.376
454.838
239.449
249.515
239.449
239.449
298.128
239.449
362.492
239.449
322.277
239.449
239.449
239.449
239.449
301.662
239.449
239.449
239.449
289.83
249.101
239.449
250.722
239.449
239.449
239.449
250.722
239.449
239.449
239.449
239.449
261.234
232.981
239.449
267.808
295.794
239.449
239.449
266.512
298.955
274.138
239.449
264.225
239.449
239.449
256.146
239.449
239.449
296.021
235.927
301.662
239.449
239.449
247.791
298.955
239.449
249.515
242.376
239.449
239.449
239.449
264.225
239.449
239.449
239.449
322.277
309.394
239.449
375.709
298.955
239.449
251.929
239.449
269.827
309.394
239.449
239.449
235.927
324.993
250.722
301.662
239.449
239.449
239.449
239.449
239.449
264.225
280.932
292.663
235.918
252.623
250.722
239.449
239.449
239.449
239.449
323.712
292.663
239.449
298.955
239.449
239.449
252.076
256.146
239.449
239.449
271.072
256.146
249.515
239.449
239.449
359.115
242.376
239.449
261.593
248.998
248.828
239.449
420.884
239.449
239.449
239.449
298.955
239.449
249.515
1938.38
274.138
286.903
239.449
239.449
239.449
239.449
267.699
261.593
285.283
297.26
297.26
264.462
252.446
301.662
301.662
258.753
239.449
359.115
297.26
267.808
251.929
239.449
239.449
242.376
250.722
242.376
239.449
300.4
389.947
256.146
239.449
242.376
249.101
239.449
239.449
239.449
239.449
252.028
412.366
267.808
272.842
250.722
380.948
239.449
239.449
239.449
239.449
239.449
239.449
239.449
289.83
248.828
352.668
246.86
239.449
239.449
239.449
239.449
239.449
239.449
297.26
251.929
292.663
239.449
250.722
275.323
249.515
239.449
239.449
274.499
270.353
292.663
239.449
239.449
239.449
260.717
249.101
239.449
239.449
239.449
252.446
251.929
298.955
239.449
249.101
239.449
239.449
239.449
239.449
289.83
297.26
235.927
239.449
322.626
239.449
274.138
266.512
239.449
249.101
239.449
297.26
267.808
240.391
239.449
239.449
264.225
239.449
359.115
266.512
239.449
249.515
239.449
239.449
362.643
239.449
261.593
239.449
239.449
301.697
239.449
239.449
267.808
239.449
239.449
297.26
239.449
322.277
239.449
294.113
380.948
322.277
239.449
259.605
252.623
239.449
239.449
239.449
239.449
249.101
239.449
239.449
301.662
239.449
239.449
239.449
242.376
239.449
239.449
239.449
239.449
239.449
256.146
248.998
239.449
397.167
268.304
264.225
239.449
239.449
266.579
239.449
239.449
239.449
239.449
267.808
271.463
239.449
239.449
239.449
242.376
239.449
273.655
274.138
297.26
274.921
297.26
322.277
239.449
277.704
264.065
242.376
274.138
267.808
239.449
239.449
251.929
278.265
239.449
239.449
239.449
301.662
239.449
239.449
239.449
297.26
250.722
237.642
239.449
239.449
239.449
266.512
239.449
235.927
239.449
266.512
239.449
239.449
239.449
239.449
239.449
239.449
239.449
297.865
252.446
239.449
239.449
298.955
289.83
239.449
248.828
236.435
239.449
239.449
239.449
239.449
255.378
239.449
235.797
264.225
267.808
239.449
235.927
280.222
297.26
239.449
239.449
239.449
239.449
258.753
239.449
297.26
239.449
274.138
239.449
295.718
239.449
316.381
239.449
250.722
287.101
239.449
239.449
239.449
248.998
239.449
239.449
256.146
249.515
239.449
239.449
239.449
250.722
292.663
297.26
282.972
239.449
292.663
379.319
239.449
258.753
251.929
239.449
264.225
239.449
239.449
239.449
283.35
295.413
307.029
239.449
309.394
239.449
309.394
266.512
239.449
239.449
239.449
252.446
250.722
249.274
239.449
239.449
248.998
239.449
317.679
239.449
239.449
295.794
239.449
297.26
252.623
250.722
239.449
239.449
239.449
239.449
346.71
239.449
297.26
242.376
251.929
289.83
239.449
239.449
239.449
239.449
298.955
298.955
252.446
239.449
298.955
239.449
274.118
266.512
239.449
239.449
274.138
239.449
239.449
301.924
239.449
239.449
239.449
309.394
249.101
252.623
239.449
239.449
261.593
242.376
301.662
239.449
362.643
289.83
301.662
239.449
239.449
353.212
270.028
239.449
309.394
267.808
239.449
261.593
239.449
239.449
278.906
263.196
239.449
248.998
251.929
249.101
270.028
239.449
239.449
239.449
283.587
267.808
297.26
239.449
298.955
313.486
239.449
239.449
362.492
264.065
286.903
239.449
270.134
239.449
261.593
239.449
292.663
322.277
239.449
239.449
267.699
239.449
261.593
239.449
244.105
289.83
274.138
289.83
289.83
289.83
289.83
362.492
289.83
269.827
239.449
250.722
289.83
289.83
289.83
289.83
440.743
252.623
274.771
269.32
252.623
354.76
251.929
252.623
253.653
252.623
252.623
252.623
252.623
252.623
289.83
249.101
252.623
252.623
252.623
249.101
249.101
249.101
281.167
291.916
278.169
245.579
262.275
262.969
245.579
273.044
245.579
262.275
258.753
244.771
340.282
252.753
269.449
252.753
453.455
290.573
258.398
289.702
252.753
449.662
252.753
252.753
376.724
281.374
260.122
416.159
293.018
253.662
280.962
488.341
249.101
252.753
245.579
245.579
261.593
296
252.753
253.757
285.283
259.772
246.936
273.655
509.021
246.936
236.061
252.753
245.579
252.028
249.101
293.018
245.579
278.906
252.753
245.579
249.101
252.753
245.579
294.868
274.921
252.753
262.275
249.101
261.613
316.327
245.579
272.484
249.101
239.449
286.765
245.579
249.101
278.986
344.787
253.662
245.579
249.101
245.579
269.343
267.536
305.486
245.579
249.101
315.735
252.753
262.969
245.579
252.028
455.01
260.139
252.753
249.101
252.753
245.579
249.101
262.405
245.579
280.759
252.753
293.826
245.579
815.695
265.797
253.662
262.275
249.101
611.405
334.631
242.056
376.724
257.79
304.609
317.718
252.753
255.772
278.169
252.753
249.101
239.173
255.23
264.984
249.101
252.753
250.987
301.45
420.884
242.056
252.753
273.143
268.725
245.579
450.8
308.666
258.363
249.101
249.101
279.126
263.878
273.242
252.753
217.42
255.772
252.753
245.579
230.341
256.955
249.101
354.48
245.579
249.101
252.753
245.579
245.579
252.753
252.753
250.487
278.169
239.449
255.23
252.753
293.215
269.579
307.516
267.012
265.927
249.101
245.579
245.579
257.408
265.848
245.579
252.753
242.083
321.17
226.821
292.98
245.579
239.614
245.579
249.101
245.579
281.836
287.15
272.123
313.915
240.835
262.672
249.101
259.573
253.662
262.275
245.579
249.101
252.753
311.32
228.486
252.753
389.563
249.27
249.101
245.579
249.101
239.173
262.275
253.757
252.753
249.101
343.792
263.196
267.012
376.724
274.837
278.261
262.269
275.386
262.269
308.124
233.012
259.028
264.303
262.269
249.23
260.149
234.281
228.486
274.321
273.018
219.877
264.984
234.578
267.699
244.793
262.269
228.486
264.984
245.529
264.984
258.882
228.486
267.699
259.478
262.269
228.486
264.984
318.936
383.663
264.984
274.224
267.699
252.205
277.499
264.984
264.984
244.938
267.808
228.486
262.269
270.414
262.269
267.699
228.486
266.512
228.486
267.699
267.745
228.486
239.449
275.449
239.449
292.663
289.83
223.085
275.323
239.449
292.663
239.449
276.153
358.631
256.146
274.138
266.512
386.26
301.662
239.449
292.663
231.917
276.153
239.449
308.593
292.663
239.449
229.245
239.449
274.8
322.277
296.122
280.222
295.718
307.589
239.449
239.449
292.663
239.449
298.955
292.663
239.449
233.713
297.865
239.449
292.663
345.152
232.405
270.134
239.449
239.449
239.449
239.449
239.449
292.663
261.46
304.429
239.449
264.065
239.449
239.449
239.449
274.138
239.449
239.449
288.223
239.449
239.449
239.449
239.449
239.449
239.449
256.146
253.533
316.76
239.449
239.449
232.981
239.449
279.628
239.449
239.449
238.077
316.76
239.449
274.948
239.449
239.449
310.179
239.449
239.449
281.897
239.449
239.449
239.449
309.57
267.699
256.146
289.841
233.713
239.449
239.449
235.927
456.76
279.628
239.449
239.449
276.153
239.449
239.449
239.449
239.449
239.449
289.841
292.663
239.449
296.021
279.628
239.449
239.449
250.722
232.841
357.81
267.699
239.449
440.743
261.593
239.449
330.19
232.841
239.449
239.449
239.449
232.744
269.827
239.449
239.449
289.746
252.623
239.449
239.449
239.449
239.449
239.449
239.449
239.449
239.449
239.449
239.449
270.414
298.955
239.449
239.449
331.411
239.449
233.713
310.179
274.138
239.449
239.449
251.929
239.449
289.841
232.981
242.376
239.449
239.449
310.179
239.449
239.449
